150
156
302
147
149
296
148
148
300
148
150
301
151
150
301
155
149
298
150
151
297
151
152
299
149
149
299
149
149
298
155
150
298
149
150
300
151
150
299
149
153
300
149
150
300
150
149
300
150
150
298
151
151
297
149
151
299
150
149
298
149
152
299
150
151
300
149
150
300
150
150
299
151
150
298
150
151
300
150
150
299
148
149
299
150
150
300
151
150
299
150
149
303
150
150
299
149
150
300
149
152
300
150
151
298
150
152
296
151
152
298
151
151
298
150
150
298
151
151
301
151
150
301
150
151
297
151
151
299
150
151
298
152
151
298
151
150
299
152
150
300
150
149
300
149
149
300
151
150
301
150
150
302
149
150
300
150
151
299
149
151
299
151
151
297
151
151
299
152
150
299
152
152
301
150
151
302
150
149
301
151
150
301
150
151
298
150
150
296
148
151
299
149
151
297
148
152
297
151
152
299
152
149
299
152
151
299
151
151
300
152
151
301
149
149
300
148
150
300
150
149
297
149
150
297
150
152
298
150
151
297
150
150
299
152
152
301
151
151
299
151
149
298
153
151
297
153
154
296
150
154
298
152
153
300
154
149
300
152
150
301
151
150
300
150
149
301
150
150
301
148
151
298
147
151
299
149
151
298
149
153
297
150
153
296
152
153
299
152
151
299
150
151
299
150
151
300
151
148
300
150
149
299
148
149
299
149
149
299
149
152
298
149
153
299
150
151
299
151
150
300
152
152
299
151
150
301
153
150
301
149
150
298
151
149
299
151
150
298
148
149
301
149
153
300
151
152
298
152
151
299
151
152
298
149
153
299
149
151
296
152
149
300
152
148
301
149
151
302
149
152
298
150
150
297
150
148
300
151
151
302
150
153
299
149
153
296
153
149
298
152
150
299
150
151
299
150
151
297
152
150
300
152
150
303
149
151
301
147
151
297
151
153
298
150
152
300
153
152
301
151
155
297
150
151
295
151
148
297
150
149
301
150
151
301
149
151
297
153
150
300
153
149
301
149
150
299
147
154
298
150
153
297
153
149
299
151
153
299
148
153
297
150
149
295
153
148
299
151
150
301
151
152
302
152
151
301
151
149
298
149
148
299
150
151
300
150
151
299
152
152
299
152
151
300
151
151
301
151
151
298
150
150
298
151
148
300
149
149
301
148
150
296
148
149
298
150
150
301
151
152
301
149
153
300
152
153
298
153
151
299
151
150
298
151
150
299
149
150
298
150
148
298
151
150
299
149
151
300
149
151
299
150
151
299
152
151
302
152
151
301
150
151
298
150
151
296
151
148
298
151
149
299
148
151
299
150
151
299
151
149
299
150
151
300
149
152
300
150
153
299
151
152
299
151
152
300
151
151
298
149
149
297
150
148
297
150
148
301
149
151
301
150
152
300
151
152
299
150
150
298
151
152
302
152
153
300
151
152
296
152
150
297
150
150
298
150
151
297
148
151
298
152
150
300
153
150
302
151
151
302
148
145
296
159
157
291
154
161
293
144
160
302
148
156
308
157
146
302
157
148
290
159
157
290
155
158
301
144
159
309
153
153
308
157
145
297
157
155
289
156
158
293
147
159
304
147
158
308
156
148
300
157
145
292
159
155
290
154
158
298
145
160
307
151
152
308
158
143
300
155
153
290
157
159
290
148
155
302
147
157
307
155
151
302
156
145
293
161
156
289
156
158
298
146
160
308
151
154
309
158
143
300
156
150
291
158
157
291
147
157
300
144
159
307
155
151
305
159
143
295
159
155
289
157
160
294
148
157
305
150
