56
160
51
156
55
136
97
101
135
57
147
48
150
56
133
102
94
144
60
158
55
154
54
134
101
96
141
58
156
56
157
57
137
99
98
138
58
149
53
152
56
135
100
96
140
56
153
52
152
55
138
100
100
140
59
150
53
148
59
135
104
102
141
61
151
50
150
57
137
103
101
139
60
148
50
148
57
135
104
100
143
59
153
53
154
55
139
98
101
136
57
148
49
153
59
138
97
98
139
56
153
51
155
55
136
99
97
140
58
152
53
151
59
137
100
100
140
59
149
54
151
59
137
102
101
138
56
150
54
154
57
140
97
99
136
55
152
54
158
54
143
92
97
133
51
153
48
156
56
137
96
97
139
54
152
55
156
56
137
98
98
139
57
151
55
152
58
137
97
100
137
55
154
57
157
55
138
96
96
136
54
154
55
158
58
136
100
98
138
56
152
58
155
56
138
101
98
137
56
153
56
154
53
138
98
98
137
57
155
57
156
54
140
95
97
136
54
155
53
154
56
137
96
96
139
56
155
54
153
56
136
96
95
140
57
155
54
154
57
137
97
95
138
56
153
54
155
55
137
97
95
140
56
151
51
155
54
138
97
95
142
56
153
55
155
56
135
97
95
139
57
152
54
154
55
134
99
96
139
58
152
55
153
56
135
100
99
140
57
155
56
154
56
136
99
98
137
56
154
54
154
55
137
99
98
136
55
153
53
153
56
138
99
98
139
57
154
53
153
54
137
96
97
141
56
152
53
152
53
139
98
98
134
60
146
54
152
58
135
97
94
134
57
149
52
151
59
135
97
97
140
54
153
53
153
57
140
99
99
143
53
155
52
157
54
142
102
95
140
55
153
55
154
56
136
99
94
138
57
156
50
156
57
138
96
97
138
56
157
52
155
55
140
94
97
139
54
152
54
154
54
140
96
96
137
57
150
55
155
56
137
98
95
136
57
150
54
154
57
134
100
98
139
57
154
53
152
59
134
100
102
140
56
154
55
154
54
138
99
99
140
55
153
54
157
53
139
97
97
137
55
153
52
156
55
138
94
95
136
56
154
54
154
56
137
94
97
138
53
154
57
152
57
139
97
98
139
55
151
56
154
56
140
100
97
138
57
153
54
155
55
138
98
96
139
59
156
54
156
57
136
95
96
138
57
155
54
153
57
134
96
94
141
54
152
56
153
56
136
99
94
140
57
153
56
154
56
137
100
95
137
57
153
53
155
57
138
98
99
139
57
154
53
154
55
138
98
101
140
57
153
53
152
54
139
98
99
139
57
150
54
152
56
136
99
96
138
57
152
53
152
58
135
97
95
139
56
152
52
154
56
136
97
98
140
52
154
52
156
54
139
97
98
139
53
152
52
158
54
140
98
98
137
57
152
54
157
53
137
96
98
136
59
151
57
151
58
135
96
97
138
57
151
59
150
58
136
99
97
140
55
152
57
152
54
136
101
95
139
53
155
51
156
55
138
98
96
138
56
157
49
157
54
141
97
96
137
56
151
52
156
54
140
96
98
135
56
154
53
155
57
140
96
99
139
57
154
56
154
56
137
98
98
139
56
153
56
152
55
136
99
94
140
54
152
54
154
54
134
99
94
137
54
154
53
154
56
135
96
99
137
57
154
53
156
58
138
97
101
138
55
155
54
156
55
141
99
99
140
57
152
56
155
54
140
94
97
137
54
155
51
159
54
137
96
98
141
57
155
57
153
60
135
100
97
144
57
153
59
149
59
136
100
97
140
55
151
56
152
57
139
96
95
136
55
152
51
157
53
139
94
