53
81
68
40
33
47
73
80
46
33
51
80
70
42
33
44
72
80
49
34
49
80
72
44
33
42
70
80
51
33
46
80
73
47
33
40
68
81
53
34
43
78
74
53
30
38
68
81
54
35
42
75
75
55
29
33
69
81
57
35
39
74
75
57
29
32
66
82
59
34
37
71
75
60
29
26
67
82
61
34
35
70
78
59
30
25
64
82
65
34
34
68
79
60
27
29
62
80
67
34
34
67
80
62
29
27
60
79
68
34
34
65
82
64
25
30
59
78
70
35
34
61
82
67
26
29
60
75
71
37
34
59
82
66
32
29
57
75
74
39
35
57
81
69
33
29
55
75
75
42
35
54
81
68
38
30
53
74
78
43
34
53
81
68
40
33
47
73
80
46
33
51
80
70
42
33
44
72
80
49
34
49
80
72
44
33
42
70
80
51
33
46
80
73
47
33
40
68
81
53
34
43
78
74
53
30
38
68
81
54
35
42
75
75
55
29
33
69
81
57
35
39
74
75
57
29
32
66
82
59
34
37
71
75
60
29
26
67
82
61
34
35
70
78
59
30
25
64
82
65
34
34
68
79
60
27
29
62
80
67
34
34
67
80
62
29
27
60
79
68
34
34
65
82
64
25
30
59
78
70
35
34
61
82
67
26
29
60
75
71
37
34
59
82
66
32
29
57
75
74
39
35
57
81
69
33
29
55
75
75
42
35
54
81
68
38
30
53
74
78
43
34
53
81
68
40
33
47
73
80
46
33
51
80
70
42
33
44
72
80
49
34
49
80
72
44
33
42
70
80
51
33
46
80
73
47
33
40
68
81
53
34
43
78
74
53
30
38
68
81
54
35
42
75
75
55
29
33
69
81
57
35
39
74
75
57
29
32
66
82
59
34
37
71
75
60
29
26
67
82
61
34
35
70
78
59
30
25
64
82
65
34
34
68
79
60
27
29
62
80
67
34
34
67
80
62
29
27
60
79
68
34
34
65
82
64
25
30
59
78
70
35
34
61
82
67
26
29
60
75
71
37
34
59
82
66
32
29
57
75
74
39
35
57
81
69
33
29
55
75
75
42
35
54
81
68
38
30
53
74
78
43
34
53
81
68
40
33
47
73
80
46
33
51
80
70
42
33
44
72
80
49
34
49
80
72
44
33
42
70
80
51
33
46
80
73
47
33
40
68
81
53
34
43
78
74
53
30
38
68
81
54
35
42
75
75
55
29
33
69
81
57
35
39
74
75
57
29
32
66
82
59
34
37
71
75
60
29
26
67
82
61
34
35
70
78
59
30
25
64
82
65
34
34
68
79
60
27
29
62
80
67
34
34
67
80
62
29
27
60
79
68
34
34
65
82
64
25
30
59
78
70
35
34
61
82
67
26
29
60
75
71
37
34
59
82
66
32
29
57
75
74
39
35
57
81
69
33
29
55
75
75
42
35
54
81
68
38
30
53
74
78
43
34
53
81
68
40
33
47
73
80
46
33
51
80
70
42
33
44
72
80
49
34
49
80
72
44
33
42
70
80
51
33
46
80
73
47
33
40
68
81
53
34
43
78
74
53
30
38
68
81
54
35
42
75
75
55
29
33
69
81
57
35
39
74
75
57
29
32
66
82
59
34
37
71
75
60
29
26
67
82
61
34
35
70
78
59
30
25
64
82
65
34
34
68
79
60
27
29
62
80
67
34
34
67
80
62
29
27
60
79
68
34
34
65
82
64
25
30
59
78
70
35
34
61
82
67
26
29
60
75
71
37
34
59
82
66
32
29
57
