9547
10560
7575
10544
9433
9641
10524
7722
10572
9333
9732
10485
7866
10600
9229
9820
10440
8006
10620
9123
9904
10392
8144
10637
9011
9982
10339
8279
10649
8899
10057
10283
8408
10658
8781
10126
10222
8536
10663
8660
10194
10155
8660
10663
8536
10257
10087
8781
10659
8408
10317
10015
8899
10650
8279
10369
9939
9011
10638
8144
10419
9856
9122
10620
8006
10465
9771
9229
10600
7866
10508
9681
9332
10573
7724
10546
9586
9432
10544
7577
10580
9491
9526
10511
7725
10611
9391
9621
10474
7869
10637
9288
9711
10432
8009
10660
9181
9799
10387
8149
10678
9070
9880
10339
8285
10690
8958
9957
10286
8416
10701
8841
10030
10228
8545
10706
8720
10098
10167
8670
10707
8596
10167
10099
8792
10704
8469
10228
10031
8911
10695
8340
10285
9958
9024
10684
8205
10338
9881
9136
10669
8067
10386
9799
9243
10649
7927
10432
9711
9349
10622
7785
10473
9622
9450
10593
7639
10510
9527
9546
10561
7575
10543
9432
9641
10525
7722
10572
9332
9732
10484
7864
10599
9229
9820
10440
8006
10620
9122
9904
10392
8144
10637
9012
9983
10340
8279
10649
8899
10056
10283
8408
10660
8781
10127
10221
8536
10663
8660
10194
10155
8660
10664
8536
10258
10087
8781
10659
8408
10316
10015
8899
10650
8279
10369
9939
9011
10638
8144
10419
9857
9122
10621
8006
10465
9771
9228
10600
7866
10508
9681
9332
10573
7724
10546
9586
9432
10543
7575
10580
9491
9526
10510
7723
10610
9390
9621
10474
7867
10637
9288
9711
10432
8009
10660
9181
9798
10387
8149
10678
9071
9880
10338
8285
10690
8959
9957
10286
8416
10702
8841
10031
10228
8545
10706
8720
10098
10167
8670
10708
8596
10166
10099
8792
10704
8469
10227
10031
8911
10695
8340
10285
9958
9024
10685
8205
10339
9881
9136
10669
8067
10386
9799
9243
10649
7927
10432
9712
9349
10622
7785
10473
9622
9450
10593
7639
10510
9527
9546
10561
7575
10543
9433
9641
10525
7722
10573
9333
9733
10485
7866
10599
9229
9821
10440
8006
10621
9123
9904
10392
8144
10638
9012
9983
10340
8279
10649
8899
10057
10283
8408
10659
8781
10126
10222
8536
10664
8660
10194
10155
8660
10662
8536
10258
10087
8781
10658
8408
10316
10014
8899
10649
8279
10369
9938
9012
10637
8144
10419
9857
9122
10620
8006
10466
9770
9228
10600
7864
10508
9680
9333
10573
7724
10546
9586
9432
10543
7577
10580
9491
9526
10511
7723
10610
9390
9621
10474
7867
10637
9287
9711
10433
8009
10660
9182
9798
10386
8149
10678
9071
9880
10339
8285
10690
8958
9957
10286
8416
10701
8841
10030
10228
8545
10706
8720
10098
10167
8670
10707
8596
10166
10099
8792
10704
8469
10227
10031
8911
10695
8340
10285
9957
9024
10685
8205
10338
9881
9136
10669
8067
10386
9799
9243
10649
7927
10432
9712
9349
10622
7785
10473
9622
9450
10593
7639
10511
9527
9547
10561
7575
10543
9433
9642
10525
7724
10573
9333
9732
10485
7866
10600
9229
9820
10440
8006
10620
9123
9905
10392
8144
10637
9012
9982
10340
8279
10650
8899
10056
10283
8408
10660
8781
10126
10222
8536
10663
8660
10195
10155
8660
10663
8536
10257
10087
8781
10660
8408
10316
10015
8899
10648
8279
10370
9939
9011
10638
8144
10419
9856
9122
10621
8006
10465
9770
9228
10599
7866
10508
9681
9332
10572
7722
10546
9586
9432
10544
7577
10580
9490
9526
10511
7723
10610
9391
9621
10473
7867
10637
9288
9711
10433
8009
10660
9182
9798
10387
8149
10678
9071
9880
10339
8285
10690
8959
9957
10285
8416
10701
8841
10030
10228
8545
10705
8720
10098
10167
8670
10707
8596
10166
10099
8792
10704
8469
10227
10031
8911
10695
8340
10285
9958
9024
10685
8205
10338
9881
9136
10669
8067
10386
9799
9243
10649
7927
10432
9712
9349
10622
7785
10473
9622
9450
10593
7639
10510
9527
9546
10561
7575
10543
9433
9641
10525
7722
10572
9333
9733
10485
7864
10599
9229
9820
10439
8006
10620
9122
9904
10391
8144
10637
9011
9982
10340
8279
10649
8899
10056
10282
8408
10658
8781
10126
10221
8536
10663
8660
10194
10155
8660
10663
8536
10257
10086
8781
10658
8408
10316
10014
8899
10649
8279
10369
9939
9011
10638
8144
10419
9856
9122
10620
8006
10465
9771
9228
10600
7866
10508
9681
9332
10572
7722
10546
9585
9432
10544
7577
10580
9491
9526
10511
7723
10610
9391
9622
10473
7869
10638
9287
9711
10433
8009
10660
9182
9799
10387
8149
10679
9071
9881
10338
8285
10691
8959
9957
10286
8416
10701
8841
10031
10228
8545
10706
8720
10099
10166
8670
10707
8596
10166
10099
8792
10705
8469
10228
10031
8911
10695
8340
10286
9958
9024
10685
8205
10338
9881
9137
10669
8067
10387
9799
9244
