233
260
201
160
85
210
261
226
171
105
182
257
241
180
127
148
245
256
185
148
117
229
262
210
165
85
206
262
232
179
112
174
255
250
182
134
139
239
260
187
153
106
224
264
213
170
91
198
262
237
179
116
168
253
252
187
138
132
238
261
193
156
93
215
262
218
168
97
190
260
237
180
120
160
251
253
186
142
123
233
260
201
160
85
210
261
226
171
105
182
257
241
180
127
148
245
256
185
148
117
229
262
210
165
85
206
262
232
179
112
174
255
250
182
134
139
239
260
187
153
106
224
264
213
170
91
198
262
237
179
116
168
253
252
187
138
132
238
261
193
156
93
215
262
218
168
97
190
260
237
180
120
160
251
253
186
142
123
233
260
201
160
85
210
261
226
171
105
182
257
241
180
127
148
245
256
185
148
117
229
262
210
165
85
206
262
232
179
112
174
255
250
182
134
139
239
260
187
153
106
224
264
213
170
91
198
262
237
179
116
168
253
252
187
138
132
238
261
193
156
93
215
262
218
168
97
190
260
237
180
120
160
251
253
186
142
123
233
260
201
160
85
210
261
226
171
105
182
257
241
180
127
148
245
256
185
148
117
229
262
210
165
85
206
262
232
179
112
174
255
250
182
134
139
239
260
187
153
106
224
264
213
170
91
198
262
237
179
116
168
253
252
187
138
132
238
261
193
156
93
215
262
218
168
97
190
260
237
180
120
160
251
253
186
142
123
233
260
201
160
85
210
261
226
171
105
182
257
241
180
127
148
245
256
185
148
117
229
262
210
165
85
206
262
232
179
112
174
255
250
182
134
139
239
260
187
153
106
224
264
213
170
91
198
262
237
179
116
168
253
252
187
138
132
238
261
193
156
93
215
262
218
168
97
190
260
237
180
120
160
251
253
186
142
123
233
260
201
160
85
210
261
226
171
105
182
257
241
180
127
148
245
256
185
148
117
229
262
210
165
85
206
262
232
179
112
174
255
250
182
134
139
239
260
187
153
106
224
264
213
170
91
198
262
237
179
116
168
253
252
187
138
132
238
261
193
156
93
215
262
218
168
97
190
260
237
180
120
160
251
253
186
142
123
233
260
201
160
85
210
261
226
171
105
182
257
241
180
127
148
245
256
185
148
117
229
262
210
165
85
206
262
232
179
112
174
255
250
182
134
139
239
260
187
153
106
224
264
213
170
91
198
262
237
179
116
168
253
252
187
138
132
238
261
193
156
93
215
262
218
168
97
190
260
237
180
120
160
251
253
186
142
123
233
260
201
160
85
210
261
226
171
105
182
257
241
180
127
148
245
256
185
148
117
229
262
210
165
85
206
262
232
179
112
174
255
250
182
134
139
239
260
187
153
106
224
264
213
170
91
198
262
237
179
116
168
253
252
187
138
132
238
261
193
156
93
215
262
218
168
97
190
260
237
180
120
160
251
253
186
142
123
233
260
201
160
85
210
261
226
171
105
182
257
241
180
127
148
245
256
185
148
117
229
262
210
165
85
206
262
232
179
112
174
255
250
182
134
139
239
260
187
153
106
224
264
213
170
91
198
262
237
179
116
168
253
252
187
138
132
238
261
193
156
93
215
262
218
168
97
190
260
237
180
120
160
251
253
186
142
123
233
260
201
160
85
210
261
226
171
105
182
257
241
180
127
148
245
256
185
148
117
229
262
210
165
85
206
262
232
179
112
174
255
250
182
134
139
239
260
187
153
106
224
264
213
170
91
198
262
237
179
116
168
253
252
187
138
132
238
261
193
156
93
215
262
218
168
97
190
260
