31
57
87
73
28
27
71
85
54
31
54
82
71
28
31
70
84
51
30
55
80
67
27
27
67
83
55
31
52
81
70
32
29
69
87
57
34
56
85
73
30
27
71
83
53
29
55
79
74
27
29
73
82
59
30
56
84
72
30
28
73
84
53
34
55
82
70
29
28
70
86
52
31
59
79
70
26
27
71
81
56
30
52
83
70
30
26
70
85
55
32
56
84
69
28
28
69
83
54
29
54
84
71
29
30
72
86
54
32
57
82
68
27
26
68
80
57
28
52
83
73
31
30
74
87
54
35
58
82
69
25
27
69
81
54
29
54
83
74
29
28
73
86
53
32
56
82
66
26
26
66
82
54
31
53
82
74
30
30
74
86
57
30
55
85
68
26
27
70
84
53
32
55
84
70
30
27
74
82
54
28
57
80
68
27
26
71
82
56
27
53
85
71
26
29
71
86
53
29
53
82
71
24
27
69
86
55
30
51
85
74
29
27
70
87
53
31
53
82
70
28
27
67
84
56
33
55
82
72
30
29
71
82
58
30
57
79
70
29
29
71
80
59
34
58
79
72
30
29
72
81
57
30
56
80
70
29
29
72
82
57
34
56
84
68
29
31
72
83
53
32
55
84
68
28
30
73
85
53
31
57
86
68
26
27
72
82
51
29
52
84
69
28
24
71
85
54
28
54
83
71
27
27
70
83
56
28
52
80
72
28
27
68
88
57
31
55
82
73
27
29
69
85
54
31
54
82
69
30
29
72
80
59
31
55
82
69
28
30
72
79
58
32
53
84
70
28
31
75
82
57
34
54
84
70
26
28
72
82
54
33
55
83
71
26
29
73
85
54
32
57
79
75
29
26
72
80
58
32
56
83
69
31
29
69
86
53
33
59
79
72
29
28
70
82
55
28
56
82
71
30
28
69
85
55
32
54
84
66
32
29
69
85
52
31
56
84
71
26
31
73
83
56
28
54
86
66
29
27
70
84
52
32
52
86
69
27
30
71
83
55
27
55
82
70
26
26
72
81
58
32
50
85
70
27
29
69
84
55
31
56
80
72
26
29
72
82
58
32
53
82
73
29
27
72
82
56
35
54
83
70
27
28
69
85
53
33
59
79
74
28
26
75
80
55
30
56
81
69
28
27
68
85
55
32
58
81
70
28
27
72
83
52
28
56
82
71
28
27
70
85
57
30
54
86
67
30
29
68
87
51
31
53
82
71
26
29
70
83
56
28
55
84
68
29
27
70
84
54
31
50
84
70
29
30
68
84
55
29
57
81
71
28
27
73
80
59
31
52
83
70
30
29
70
83
57
35
56
83
72
25
31
71
83
56
32
56
80
72
27
26
74
82
55
34
56
85
69
26
28
70
84
52
31
58
79
73
26
26
74
82
54
30
55
83
70
28
27
69
84
55
31
56
82
70
29
28
70
87
52
31
56
81
73
27
26
70
83
56
28
53
84
67
29
29
68
88
53
32
54
81
71
25
28
71
81
54
31
57
82
71
31
28
70
81
53
36
56
79
67
26
28
69
83
54
32
56
79
70
31
31
69
80
54
31
54
81
68
30
26
67
84
55
34
52
83
69
28
31
70
84
56
27
55
82
71
30
25
69
84
56
31
53
87
70
29
28
71
86
57
27
56
82
73
27
27
72
85
57
27
55
87
74
28
25
70
84
56
32
53
83
70
28
29
70
84
56
30
54
82
72
27
27
71
81
57
31
54
84
72
28
28
72
84
55
34
57
81
70
26
28
71
83
55
31
57
83
74
29
27
73
82
54
31
57
83
68
26
28
69
85
54
30
56
82
70
28
28
72
82
54
30
57
83
70
26
27
69
83
54
32
53
82
68
27
28
70
85
54
30
55
82
71
27
27
70
82
54
31
54
83
67
29
27
69
85
56
31
52
82
72
28
28
70
83
56
30
55
83
71
27
26
71
81
58
33
53
81
71
29
29
73
84
56
31
57
82
72
26
29
72
82
55
31
55
83
70
29
27
72
85
55
31
56
83
70
25
29
72
85
53
30
57
82
70
27
27
72
82
55
32
55
83
70
26
28
71
85
55
30
57
81
68
28
29
68
83
53
30
54
82
72
28
26
69
85
54
30
54
83
67
27
29
68
84
54
30
53
81
73
29
28
69
83
57
30
55
84
69
28
27
71
83
56
32
53
81
70
29
29
72
82
56
30
57
83
72
28
27
72
82
56
31
54
84
69
28
28
72
83
55
30
55
83
72
26
28
72
83
56
30
57
85
71
27
27
73
83
54
33
54
82
69
26
27
71
84
54
29
58
83
72
28
26
71
82
52
31
54
80
69
27
26
68
85
56
31
55
82
70
28
28
70
83
53
31
55
81
71
28
26
68
83
57
34
53
84
69
28
28
70
84
55
31
56
81
71
29
28
69
82
55
32
55
84
69
30
27
71
84
57
30
54
84
69
29
28
71
84
55
29
56
84
70
27
28
72
82
57
30
54
84
70
28
27
74
86
54
33
56
82
71
25
28
70
82
54
30
56
83
72
26
26
73
85
54
32
55
82
68
26
28
69
83
53
31
55
81
71
28
28
70
82
56
32
55
81
71
27
28
69
83
55
33
55
80
69
28
30
69
84
55
31
57
81
71
28
26
71
83
55
31
54
82
68
29
30
70
85
55
30
54
83
71
30
26
72
84
55
29
55
84
70
27
26
72
83
56
30
53
82
70
29
27
73
85
55
29
56
84
72
26
28
72
82
55
30
55
83
69
27
27
71
86
55
30
54
83
71
25
29
71
83
53
31
56
82
69
29
28
69
82
57
33
54
81
69
27
27
70
83
55
32
57
81
70
29
30
69
81
54
32
55
81
70
29
26
71
84
56
31
54
83
69
29
30
68
84
54
30
54
82
71
30
26
71
83
56
30
53
85
70
28
27
72
84
55
30
56
82
70
28
27
71
84
54
29
55
85
72
28
27
73
84
55
29
56
85
69
28
27
69
82
55
31
55
82
69
27
27
73
83
56
30
57
83
70
28
27
71
81
54
33
55
83
71
28
27
72
83
56
31
57
83
71
27
27
72
84
55
31
56
83
71
30
28
71
83
56
32
55
82
72
26
29
71
84
55
30
54
82
71
28
28
69
83
55
32
53
83
71
28
26
68
86
54
29
55
82
70
26
28
71
83
54
30
52
82
71
28
26
68
83
54
30
54
85
69
27
28
71
83
55
31
53
82
68
28
27
72
82
55
30
55
84
70
28
27
73
83
55
33
57
81
70
27
28
73
82
56
30
55
84
71
28
28
72
84
55
32
57
84
70
29
28
71
85
55
32
55
81
71
27
29
72
83
54
28
55
85
69
25
26
71
85
52
30
54
84
71
25
26
71
88
54
28
54
83
72
28
28
70
86
55
32
53
82
73
29
28
67
86
56
32
54
81
73
29
28
69
85
59
33
54
82
71
30
29
68
81
58
35
56
80
70
30
28
71
82
58
32
57
82
69
30
30
73
79
55
32
57
82
66
30
29
70
81
55
30
55
84
68
28
27
74
83
52
29
55
84
69
25
