302
156
152
306
156
150
297
150
148
297
153
147
292
150
154
294
154
152
303
155
147
297
151
150
300
151
150
296
148
155
298
149
156
305
157
149
292
150
153
304
152
153
296
149
149
301
152
153
297
148
152
301
153
150
296
147
152
301
154
156
298
147
154
304
153
153
296
149
149
299
154
154
300
153
148
296
150
151
301
152
150
301
155
155
299
150
149
299
157
157
302
154
144
293
154
156
307
159
147
291
150
156
307
158
153
292
146
153
304
155
156
297
151
148
298
154
154
301
152
146
295
150
153
305
156
149
293
149
153
302
152
152
299
150
149
299
151
151
302
154
149
295
148
153
302
151
153
297
148
150
300
152
152
299
150
150
301
153
152
296
148
151
300
152
149
296
149
152
300
152
150
298
150
150
299
152
153
299
150
149
297
151
150
299
153
150
298
150
152
298
151
148
296
151
152
302
155
151
294
147
153
303
154
152
297
147
151
302
151
153
301
151
148
298
151
151
302
151
149
299
149
149
299
150
150
299
150
150
299
149
149
299
149
149
299
150
149
300
150
151
299
150
150
300
157
150
294
148
153
304
153
154
298
147
149
300
153
152
302
152
146
297
152
152
303
153
148
295
150
152
303
154
151
297
149
150
299
153
152
298
151
149
298
152
153
300
152
148
297
150
153
302
153
149
296
149
152
300
153
152
297
151
149
297
152
152
301
154
149
295
149
153
302
154
152
295
147
152
301
152
154
299
150
149
300
151
150
301
150
149
295
152
150
301
152
149
296
150
151
301
152
151
297
151
149
301
152
149
297
149
149
300
151
151
300
152
150
297
149
152
301
152
151
297
150
151
300
150
153
298
150
148
298
148
152
300
151
151
297
149
150
301
152
151
298
149
150
301
152
151
299
151
149
301
150
151
298
151
148
300
150
151
299
149
149
298
150
151
300
150
150
299
150
151
298
151
150
299
151
149
299
151
152
299
154
149
299
150
151
298
150
150
299
151
149
299
150
150
300
150
149
296
150
151
301
152
150
300
149
152
298
150
149
299
150
150
299
151
149
298
149
150
300
152
148
298
149
150
300
152
150
300
151
150
299
150
151
300
149
150
300
151
151
298
149
149
299
152
149
300
148
151
301
150
150
302
149
149
299
151
148
302
151
149
297
151
147
300
151
149
299
151
149
298
150
150
299
151
150
298
150
151
298
151
152
298
151
149
298
150
151
298
152
149
298
150
150
298
152
149
297
151
151
298
151
151
297
150
152
301
151
154
299
150
150
301
149
153
299
150
149
300
150
151
301
151
150
299
148
148
299
153
151
300
151
148
297
151
151
300
151
148
298
150
150
301
150
149
299
149
149
300
152
148
300
149
151
299
153
151
299
151
150
297
153
152
299
153
149
296
150
151
300
153
150
297
149
150
301
152
151
301
150
148
298
151
150
303
152
149
297
149
149
300
151
150
299
150
149
299
150
150
298
150
150
298
150
149
300
149
150
298
151
152
303
150
150
298
152
151
300
153
152
298
149
149
298
153
152
299
152
149
296
149
150
298
152
150
296
148
151
300
151
150
298
149
149
302
150
150
300
151
151
299
149
151
300
150
151
298
149
152
301
150
151
297
149
149
299
150
151
298
150
149
298
149
150
301
148
148
298
152
153
302
152
150
298
150
152
298
152
153
299
150
150
301
151
153
298
153
149
299
149
149
298
152
149
297
149
150
300
150
150
298
150
152
300
151
150
299
151
151
298
150
153
302
150
149
299
150
153
302
151
151
300
149
149
298
151
151
301
149
147
297
151
150
300
150
148
297
152
151
298
152
151
298
150
149
300
152
151
299
151
151
301
151
149
299
153
150
298
149
150
299
152
149
296
149
151
300
150
149
295
150
149
298
149
151
299
149
149
297
149
151
303
150
150
300
150
151
302
151
152
301
149
148
299
151
152
299
149
148
299
150
149
297
150
149
298
150
149
298
150
151
298
150
150
301
151
150
298
151
151
302
151
150
298
153
150
298
151
151
300
151
150
297
152
149
299
150
150
298
150
149
295
148
152
300
149
149
299
149
151
300
150
151
303
150
150
299
151
152
301
150
149
300
151
150
299
151
149
300
150
149
297
151
149
298
149
150
298
151
150
298
149
150
300
151
149
299
151
150
298
151
150
300
152
150
298
152
151
300
152
149
299
152
151
296
150
150
298
149
149
297
149
150
298
148
149
300
150
150
299
149
150
301
152
151
299
151
150
300
151
150
300
150
149
298
151
149
299
150
149
298
150
151
299
148
151
298
151
151
300
150
151
297
151
149
300
151
150
298
151
151
300
151
150
299
152
151
297
151
151
299
150
150
296
152
150
299
149
151
298
150
150
300
150
151
300
151
150
300
151
150
299
150
152
301
150
150
299
151
153
300
151
149
298
151
151
298
152
147
299
148
149
299
150
148
299
148
150
300
152
149
299
150
151
299
153
151
300
152
151
299
151
153
300
153
148
298
150
151
298
151
149
298
151
149
297
150
149
300
149
150
297
151
150
301
150
149
298
152
150
299
152
150
300
150
152
301
152
151
300
150
151
298
150
148
299
151
150
297
150
148
301
150
150
296
150
150
301
150
149
298
151
150
298
150
150
301
150
151
299
151
150
301
152
151
298
151
150
299
151
152
299
149
148
299
150
150
296
149
149
299
149
151
298
150
151
298
149
150
302
151
153
299
150
149
302
151
151
299
152
148
300
149
152
299
152
148
298
149
150
299
150
149
297
149
151
299
151
150
298
150
151
299
151
152
300
151
150
301
151
152
299
153
150
300
150
150
297
152
151
299
150
149
298
150
151
297
150
148
298
151
151
299
152
150
299
149
152
301
151
149
301
150
152
300
151
151
301
151
150
298
150
151
301
151
148
298
150
150
299
149
148
299
152
149
297
151
150
301
150
150
299
151
151
301
151
151
299
152
150
300
153
151
297
150
149
300
153
149
298
150
158
297
147
157
293
152
158
291
157
158
292
156
154
293
159
148
299
159
145
303
158
144
306
158
152
308
154
154
307
150
156
302
144
158
299
146
156
294
152
158
291
156
157
292
157
153
292
159
149
297
158
145
303
159
145
304
158
151
308
155
153
306
151
157
301
144
157
300
146
155
294
149
158
291
155
158
292
156
153
291
157
150
297
156
146
301
159
145
304
157
150
308
156
152
306
150
156
304
144
156
301
146
154
295
149
157
292
155
157
292
156
154
290
158
150
298
156
146
299
158
145
305
157
150
307
156
153
305
152
156
304
146
157
300
145
155
296
147
157
292
155
157
292
155
155
290
159
151
296
156
147
298
158
144
304
157
150
307
155
152
307
152
155
306
145
157
301
145
154
297
147
156
292
155
158
292
155
156
291
159
151
295
156
146
299
157
143
303
158
150
307
156
153
307
154
155
306
148
159
302
145
155
298
146
156
292
154
159
293
155
156
289
159
152
294
157
148
297
156
144
302
158
148
307
155
152
308
153
155
306
148
157
303
146
156
299
145
156
292
153
159
294
155
156
288
157
152
294
158
148
297
157
143
300
157
148
307
157
