4182
3734
3088
3690
4055
4224
3866
3311
3512
3973
4238
3973
3512
3311
3866
4224
4055
3690
3088
3734
4182
4111
3845
3084
3576
4118
4146
3973
3297
3396
4027
4153
4076
3489
3193
3912
4132
4153
3658
2970
3771
4087
4206
3803
3202
3604
4017
4235
3922
3414
3414
3922
4235
4017
3604
3202
3803
4206
4087
3771
2970
3658
4153
4132
3912
3193
3489
4076
4153
4027
3396
3297
3973
4146
4118
3576
3084
3845
4111
4182
3734
3088
3690
4055
4224
3866
3311
3512
3973
4238
3973
3512
3311
3866
4224
4055
3690
3088
3734
4182
4111
3845
3084
3576
4118
4146
3973
3297
3396
4027
4153
4076
3489
3193
3912
4132
4153
3658
2970
3771
4087
4206
3803
3202
3604
4017
4235
3922
3414
3414
3922
4235
4017
3604
3202
3803
4206
4087
3771
2970
3658
4153
4132
3912
3193
3489
4076
4153
4027
3396
3297
3973
4146
4118
3576
3084
3845
4111
4182
3734
3088
3690
4055
4224
3866
3311
3512
3973
4238
3973
3512
3311
3866
4224
4055
3690
3088
3734
4182
4111
3845
3084
3576
4118
4146
3973
3297
3396
4027
4153
4076
3489
3193
3912
4132
4153
3658
2970
3771
4087
4206
3803
3202
3604
4017
4235
3922
3414
3414
3922
4235
4017
3604
3202
3803
4206
4087
3771
2970
3658
4153
4132
3912
3193
3489
4076
4153
4027
3396
3297
3973
4146
4118
3576
3084
3845
4111
4182
3734
3088
3690
4055
4224
3866
3311
3512
3973
4238
3973
3512
3311
3866
4224
4055
3690
3088
3734
4182
4111
3845
3084
3576
4118
4146
3973
3297
3396
4027
4153
4076
3489
3193
3912
4132
4153
3658
2970
3771
4087
4206
3803
3202
3604
4017
4235
3922
3414
3414
3922
4235
4017
3604
3202
3803
4206
4087
3771
2970
3658
4153
4132
3912
3193
3489
4076
4153
4027
3396
3297
3973
4146
4118
3576
3084
3845
4111
4182
3734
3088
3690
4055
4224
3866
3311
3512
3973
4238
3973
3512
3311
3866
4224
4055
3690
3088
3734
4182
4111
3845
3084
3576
4118
4146
3973
3297
3396
4027
4153
4076
3489
3193
3912
4132
4153
3658
2970
3771
4087
4206
3803
3202
3604
4017
4235
3922
3414
3414
3922
4235
4017
3604
3202
3803
4206
4087
3771
2970
3658
4153
4132
3912
3193
3489
4076
4153
4027
3396
3297
3973
4146
4118
3576
3084
3845
4111
4182
3734
3088
3690
4055
4224
3866
3311
3512
3973
4238
3973
3512
3311
3866
4224
4055
3690
3088
3734
4182
4111
3845
3084
3576
4118
4146
3973
3297
3396
4027
4153
4076
3489
3193
3912
4132
4153
3658
2970
3771
4087
4206
3803
3202
3604
4017
4235
3922
3414
3414
3922
4235
4017
3604
3202
3803
4206
4087
3771
2970
3658
4153
4132
3912
3193
3489
4076
4153
4027
3396
3297
3973
4146
4118
3576
3084
3845
4111
4182
3734
3088
3690
4055
4224
3866
3311
3512
3973
4238
3973
3512
3311
3866
4224
4055
3690
3088
3734
4182
4111
3845
3084
3576
4118
4146
3973
3297
3396
4027
4153
4076
3489
3193
3912
4132
4153
3658
2970
3771
4087
4206
3803
3202
3604
4017
4235
3922
3414
3414
3922
4235
4017
3604
3202
3803
4206
4087
3771
2970
3658
4153
4132
3912
3193
3489
4076
4153
4027
3396
3297
3973
4146
4118
3576
3084
3845
4111
4182
3734
3088
3690
4055
4224
3866
3311
3512
3973
4238
3973
3512
3311
3866
4224
4055
3690
3088
3734
4182
4111
3845
3084
3576
4118
4146
3973
3297
3396
4027
4153
4076
3489
3193
3912
4132
4153
3658
2970
3771
4087
4206
3803
3202
3604
4017
4235
3922
3414
3414
3922
4235
4017
3604
3202
3803
4206
4087
3771
2970
3658
4153
4132
3912
3193
3489
4076
4153
4027
3396
3297
3973
4146
4118
3576
3084
3845
4111
4182
3734
3088
3690
4055
4224
3866
3311
3512
3973
4238
3973
3512
3311
3866
4224
4055
3690
3088
3734
4182
4111
3845
3084
3576
4118
4146
3973
3297
3396
4027
4153
4076
3489
3193
3912
4132
4153
3658
2970
3771
4087
4206
3803
3202
3604
4017
4235
3922
3414
3414
3922
4235
4017
3604
3202
3803
4206
4087
3771
2970
3658
4153
4132
3912
3193
3489
4076
4153
4027
3396
3297
3973
4146
4118
3576
3084
3845
4111
4182
3734
3088
3690
4055
4224
3866
3311
3512
3973
4238
3973
3512
3311
3866
4224
4055
3690
3088
3734
4182
4111
3845
3084
3576
4118
4146
3973
3297
3396
4027
4153
4076
3489
3193
3912
4132
4153
3658
2970
3771
4087
4206
3803
3202
3604
4017
4235
3922
3414
3414
3922
4235
4017
3604
3202
3803
4206
4087
3771
2970
3658
4153
4132
3912
3193
3489
4076
4153
4027
3396
3297
3973
4146
4118
3576
3084
3845
4111
4182
3734
3088
3690
4055
4224
3866
3311
3512
3973
4238
3973
3512
3311
3866
4224
4055
3690
3088
3734
4182
4111
3845
3084
3576
4118
4146
3973
3297
3396
4027
4153
4076
3489
3193
3912
4132
4153
3658
2970
3771
4087
4206
3803
3202
3604
4017
4235
3922
3414
3414
3922
4235
4017
3604
3202
3803
4206
4087
3771
2970
3658
4153
4132
3912
3193
3489
4076
4153
4027
3396
3297
3973
4146
4118
3576
3084
3845
4111
4182
3734
3088
3690
4055
4224
3866
3311
3512
3973
4238
3973
3512
3311
3866
4224
4055
3690
3088
3734
4182
4111
3845
3084
3576
4118
4146
3973
3297
3396
4027
4153
4076
3489
3193
3912
4132
4153
3658
2970
3771
4087
4206
3803
3202
3604
4017
4235
3922
3414
3414
3922
4235
4017
3604
3202
3803
4206
4087
3771
2970
3658
4153
4132
3912
3193
3489
4076
4153
4027
3396
3297
3973
4146
4118
3576
3084
3845
4111
4182
3734
3088
3690
4055
4224
3866
3311
3512
3973
4238
3973
3512
3311
3866
4224
4055
3690
3088
3734
4182
4111
3845
3084
3576
4118
4146
3973
3297
3396
4027
4153
4076
3489
3193
3912
4132
4153
3658
2970
3771
4087
4206
3803
3202
3604
4017
4235
3922
3414
3414
3922
4235
4017
3604
3202
3803
4206
4087
3771
2970
3658
4153
4132
3912
3193
3489
4076
4153
4027
3396
3297
3973
4146
4118
3576
3084
3845
4111
4182
3734
3088
3690
4055
4224
3866
3311
3512
3973
4238
3973
3512
3311
3866
4224
4055
3690
3088
3734
4182
4111
3845
3084
3576
4118
4146
3973
3297
3396
4027
4153
4076
3489
3193
3912
4132
4153
3658
2970
3771
4087
4206
3803
3202
3604
4017
4235
3922
3414
3414
3922
4235
4017
3604
3202
3803
4206
4087
3771
2970
3658
4153
4132
3912
3193
3489
4076
4153
4027
3396
3297
3973
4146
4118
3576
3084
3845
4111
4182
3734
3088
3690
4055
4224
3866
3311
3512
3973
4238
3973
3512
3311
3866
4224
4055
3690
3088
3734
4182
4111
3845
3084
3576
4118
4146
3973
3297
3396
4027
4153
4076
3489
3193
3912
4132
4153
3658
2970
3771
4087
4206
3803
3202
3604
4017
4235
3922
3414
3414
3922
4235
4017
3604
3202
3803
4206
4087
3771
2970
3658
4153
4132
3912
3193
3489
4076
4153
4027
3396
3297
3973
4146
4118
3576
3084
3845
4111
4182
3734
3088
3690
4055
4224
3866
3311
3512
3973
4238
3973
3512
3311
3866
4224
4055
3690
3088
3734
4182
4111
3845
3084
3576
4118
4146
3973
3297
3396
4027
4153
4076
3489
3193
3912
4132
4153
3658
2970
3771
4087
4206
3803
3202
3604
4017
4235
3922
3414
3414
3922
4235
4017
3604
3202
3803
4206
4087
3771
2970
3658
4153
4132
3912
3193
3489
4076
4153
4027
3396
3297
3973
4146
4118
3576
3084
3845
4111
4182
3734
3088
3690
4055
4224
3866
3311
3512
3973
4238
3973
3512
3311
3866
4224
4055
3690
3088
3734
4182
4111
3845
3084
3576
4118
4146
3973
3297
3396
4027
4153
4076
3489
3193
3912
4132
4153
3658
2970
3771
4087
4206
3803
3202
3604
4017
4235
3922
3414
3414
3922
4235
4017
3604
3202
3803
4206
4087
3771
2970
3658
4153
4132
3912
3193
3489
4076
4153
4027
3396
3297
3973
4146
4118
3576
3084
3845
4111
4182
3734
3088
3690
4055
4224
3866
3311
3512
3973
4238
3973
3512
3311
3866
4224
4055
3690
3088
3734
4182
4111
3845
3084
3576
4118
4146
3973
3297
3396
4027
4153
4076
3489
3193
3912
4132
4153
3658
2970
3771
4087
4206
3803
3202
3604
4017
4235
3922
3414
3414
3922
4235
4017
3604
3202
3803
4206
4087
3771
2970
3658
4153
4132
3912
3193
3489
4076
4153
4027
3396
3297
3973
4146
4118
3576
3084
3845
4111
4182
3734
3088
3690
4055
4224
3866
3311
3512
3973
4238
3973
3512
3311
3866
4224
4055
3690
3088
3734
4182
4111
3845
3084
3576
4118
4146
3973
3297
3396
4027
4153
4076
3489
3193
3912
4132
4153
3658
2970
3771
4087
4206
3803
3202
3604
4017
4235
3922
3414
3414
3922
4235
4017
3604
3202
3803
4206
4087
3771
2970
3658
4153
4132
3912
3193
3489
4076
4153
4027
3396
3297
3973
4146
4118
3576
3084
3845
4111
4182
3734
3088
3690
4055
4224
3866
3311
3512
3973
4238
3973
3512
3311
3866
4224
4055
3690
3088
3734
4182
4111
3845
3084
3576
4118
4146
3973
3297
3396
4027
4153
4076
3489
3193
3912
4132
4153
3658
2970
3771
4087
4206
3803
3202
3604
4017
4235
3922
3414
3414
3922
4235
4017
3604
3202
3803
4206
4087
3771
2970
