18
15
16
26
36
38
44
36
33
19
18
16
15
28
35
42
38
38
29
20
16
19
18
26
36
38
44
35
32
18
17
17
16
32
35
43
38
38
27
19
17
18
19
27
38
39
44
35
31
16
17
17
18
31
35
44
37
36
27
18
18
16
19
29
38
39
43
35
28
15
17
17
20
32
36
44
37
35
26
16
15
18
22
31
38
38
42
36
26
14
19
15
23
32
38
43
38
34
28
17
15
16
22
34
37
41
40
35
25
14
20
15
24
33
40
40
37
34
25
17
15
17
25
35
37
42
40
33
23
15
20
14
26
34
40
41
37
33
23
16
16
17
27
34
38
44
38
32
23
16
18
14
27
35
41
38
38
30
23
17
16
16
25
35
38
45
36
33
20
18
17
15
29
35
42
38
38
29
19
16
19
18
26
37
37
45
35
32
18
18
17
16
30
35
44
39
38
27
19
17
18
19
28
38
38
44
35
31
16
18
17
18
31
35
44
37
36
27
18
18
17
19
30
38
39
43
36
28
15
17
17
20
32
36
44
37
35
25
16
15
18
22
30
38
39
41
36
26
14
19
15
23
32
38
43
38
33
28
17
15
17
22
33
37
41
41
35
25
14
19
15
23
33
40
40
37
34
25
17
16
17
24
35
37
42
40
34
23
15
20
14
26
34
40
40
37
34
23
16
16
17
27
34
38
44
38
32
22
16
18
14
27
35
41
38
38
30
23
17
16
16
25
36
38
45
36
32
19
17
16
15
29
35
43
38
38
30
20
16
19
18
27
37
37
45
35
32
18
17
17
16
31
35
43
38
38
28
19
17
18
19
26
38
38
44
35
32
16
18
18
18
32
35
44
38
37
26
18
18
17
19
29
38
38
42
36
28
15
17
18
19
32
36
44
37
35
25
16
15
18
22
31
38
39
41
36
26
14
19
16
23
31
38
43
37
33
27
17
15
17
22
34
37
41
40
35
25
14
20
15
24
33
40
40
37
34
25
17
15
17
24
35
37
42
40
34
23
15
20
14
26
35
40
40
37
33
23
16
16
17
27
34
38
44
38
32
22
16
18
14
27
35
41
38
38
31
23
18
16
16
25
36
37
45
36
32
19
18
16
15
28
35
42
38
38
29
20
17
19
18
26
37
38
45
35
31
18
18
17
16
30
35
43
38
38
27
19
18
18
19
27
38
39
44
35
30
16
18
17
18
33
35
45
37
36
27
18
18
16
19
30
38
39
42
36
29
15
17
17
20
33
36
44
37
35
26
16
15
17
22
31
38
39
42
36
27
14
19
15
23
31
38
43
37
33
28
17
15
17
22
34
37
41
41
35
26
14
20
15
24
33
40
41
37
34
25
17
15
17
24
35
37
42
40
34
23
15
20
14
26
34
40
40
37
33
23
16
16
17
27
34
38
44
38
32
22
16
18
14
27
35
41
38
38
30
23
17
16
16
25
36
38
45
36
33
19
17
16
15
29
35
42
39
38
29
19
16
18
18
26
36
38
45
35
32
18
18
18
16
32
35
43
39
38
27
19
17
18
19
27
38
39
43
35
32
16
18
18
18
32
35
44
37
36
27
18
18
16
19
29
38
39
43
36
28
15
17
17
20
33
36
44
38
35
26
16
15
18
22
31
38
39
42
35
27
14
18
16
23
31
38
43
37
34
28
17
16
17
23
33
37
40
41
35
25
14
20
15
23
33
40
42
37
35
24
17
15
17
24
35
37
41
40
33
23
15
20
14
25
34
40
40
37
33
23
17
16
17
28
34
37
43
38
32
22
16
18
14
27
35
42
38
38
31
22
17
16
16
25
36
38
45
36
33
19
17
16
15
28
35
42
38
38
29
20
16
19
18
27
37
37
45
35
32
18
18
17
16
31
35
43
38
38
28
19
18
18
19
27
38
39
44
35
31
16
18
17
18
31
35
44
37
36
27
18
18
17
19
30
38
38
43
36
28
15
17
17
20
32
36
44
37
35
26
16
16
18
22
31
38
39
42
36
26
14
19
15
23
31
38
43
37
33
28
17
15
17
22
34
37
41
41
34
25
14
20
15
24
33
40
40
37
34
25
17
15
17
24
35
37
42
40
34
23
15
20
14
26
34
40
40
37
33
23
16
16
17
27
34
38
44
38
32
22
16
18
14
27
35
41
39
38
30
22
17
15
16
25
36
38
45
36
33
19
18
17
15
29
36
42
39
38
29
20
16
19
18
26
36
38
44
35
33
18
18
17
16
31
35
43
38
38
26
19
17
17
19
27
38
39
44
35
31
16
18
17
18
33
35
44
38
36
27
18
18
17
19
30
38
39
42
36
29
15
17
17
20
32
36
44
37
35
26
16
15
17
22
30
38
39
42
36
26
14
19
15
23
31
38
43
38
33
28
17
15
17
22
34
37
40
41
34
26
14
20
15
24
33
40
40
37
34
25
17
16
17
25
34
37
42
40
34
23
15
20
14
25
34
41
40
37
34
23
16
16
17
27
34
38
44
38
31
22
15
18
14
27
35
41
38
38
30
23
17
16
16
26
36
37
45
36
33
19
18
16
15
29
35
43
38
38
30
20
16
19
18
26
37
38
45
35
32
18
17
17
16
31
35
43
38
38
27
19
17
18
19
27
38
38
44
35
31
16
18
17
18
32
35
44
37
37
27
18
18
17
19
30
38
39
43
36
28
15
17
17
19
32
36
44
37
35
26
16
15
18
22
31
38
39
42
36
26
14
19
15
23
31
38
43
37
33
28
17
15
17
22
34
37
41
41
35
25
14
20
15
24
33
40
40
37
34
25
17
15
17
24
35
37
42
40
34
23
15
20
14
26
34
40
40
37
33
23
16
16
17
27
34
38
44
38
32
22
16
18
14
27
35
41
38
38
30
23
17
16
16
25
36
38
45
36
33
19
18
16
15
29
35
42
38
38
29
19
16
18
18
26
37
38
45
35
32
18
18
17
16
30
35
44
38
38
28
19
18
18
19
28
38
38
44
35
30
16
18
17
18
32
35
44
37
36
27
18
18
17
20
30
38
38
43
35
28
15
16
17
19
32
36
45
37
35
26
16
15
18
22
31
38
39
42
36
26
14
18
15
22
31
38
44
37
34
28
17
16
17
23
34
37
41
41
35
25
14
20
15
24
33
40
40
37
34
25
17
16
17
25
35
37
41
40
33
23
15
19
14
26
34
40
40
37
33
23
16
16
17
27
34
38
44
38
31
22
15
18
14
26
35
42
38
38
30
23
17
16
16
25
36
38
45
36
33
19
18
16
15
29
35
43
39
38
30
19
17
18
18
27
36
38
45
35
32
18
18
17
16
31
35
43
39
38
26
19
17
17
19
26
38
38
43
35
31
16
17
18
18
32
35
44
37
36
27
18
18
17
19
29
38
39
42
36
29
15
17
18
19
33
36
45
38
36
25
16
15
18
22
31
38
39
42
36
26
14
19
16
23
32
38
43
38
33
27
17
15
16
23
33
37
40
40
35
25
14
20
15
24
33
40
40
37
34
25
17
14
17
24
34
37
41
40
34
24
15
20
