4186
3655
3093
3907
4158
4118
3488
3302
4023
4171
4023
3302
3489
4118
4156
3906
3094
3656
4187
4117
3767
3098
3799
4231
4058
3601
3315
3919
4252
3973
3415
3512
4018
4244
3862
3209
3686
4091
4213
3731
2984
3839
4141
4154
3575
3199
3969
4168
4074
3397
3397
4074
4166
3969
3200
3575
4155
4140
3840
2983
3731
4213
4091
3687
3210
3862
4246
4018
3511
3416
3971
4252
3920
3314
3602
4059
4231
3799
3097
3766
4119
4186
3656
3094
3907
4157
4118
3489
3301
4023
4172
4024
3301
3489
4117
4157
3907
3093
3655
4186
4118
3766
3099
3799
4232
4059
3602
3314
3919
4252
3972
3416
3512
4017
4245
3863
3210
3686
4092
4212
3730
2983
3839
4141
4156
3575
3200
3968
4167
4074
3398
3398
4073
4167
3969
3201
3574
4155
4141
3839
2983
3730
4211
4093
3687
3208
3863
4245
4018
3512
3415
3971
4253
3920
3314
3602
4057
4232
3800
3098
3766
4117
4186
3656
3093
3906
4157
4119
3488
3302
4024
4171
4025
3301
3489
4117
4157
3906
3094
3655
4186
4118
3767
3097
3799
4232
4058
3601
3315
3920
4252
3972
3416
3511
4018
4245
3863
3210
3687
4091
4212
3731
2983
3840
4141
4155
3575
3201
3969
4166
4074
3397
3398
4074
4167
3968
3200
3574
4155
4141
3839
2984
3731
4211
4092
3686
3209
3862
4245
4018
3512
3415
3973
4251
3920
3315
3601
4058
4232
3799
3097
3767
4118
4185
3656
3095
3907
4156
4118
3488
3302
4024
4171
4025
3302
3488
4118
4156
3906
3093
3656
4186
4118
3766
3098
3799
4233
4057
3602
3314
3920
4251
3972
3415
3512
4018
4245
3862
3209
3687
4092
4211
3731
2983
3840
4141
4155
3574
3200
3968
4167
4073
3397
3398
4074
4166
3968
3199
3575
4155
4142
3839
2983
3730
4212
4091
3687
3208
3862
4245
4018
3511
3416
3973
4252
3919
3315
3601
4058
4231
3800
3098
3767
4118
4186
3656
3095
3906
4158
4117
3489
3301
4024
4172
4023
3301
3489
4119
4156
3907
3093
3656
4186
4117
3767
3098
3799
4233
4057
3601
3315
3920
4252
3973
3415
3512
4018
4245
3863
3208
3686
4093
4212
3730
2984
3839
4142
4154
3575
3201
3969
4166
4075
3397
3397
4075
4167
3968
3201
3574
4156
4140
3840
2984
3731
4212
4092
3687
3210
3863
4245
4017
3511
3415
3973
4251
3920
3314
3602
4058
4232
3800
3097
3766
4119
4187
3655
3093
3907
4157
4118
3488
3301
4024
4170
4025
3301
3488
4118
4157
3907
3095
3655
4187
4118
3766
3097
3800
4231
4059
3601
3315
3920
4252
3973
3415
3511
4019
4244
3863
3210
3687
4091
4212
3730
2984
3840
4141
4156
3574
3199
3969
4167
4074
3398
3397
4075
4166
3968
3199
3574
4154
4142
3839
2983
3731
4212
4092
3687
3208
3863
4244
4019
3511
3415
3972
4253
3920
3314
3602
4058
4233
3799
3099
3767
4117
4186
3656
3093
3906
4156
4119
3488
3301
4024
4172
4023
3302
3489
4118
4157
3907
3095
3656
4185
4119
3766
3098
3799
4232
4058
3601
3315
3920
4252
3972
3416
3512
4017
4246
3862
3208
3686
4092
4213
3730
2984
3840
4141
4154
3575
3201
3968
4167
4074
3398
3397
4074
4168
3968
3201
3575
4155
4141
3840
2984
3731
4212
4092
3687
3210
3862
4246
4017
3511
3416
3971
4252
3919
3315
3602
4057
4233
3800
3098
3766
4119
4186
3655
3095
3906
4158
4117
3489
3302
4024
4171
4024
3302
3488
4117
4158
3906
3094
3655
4187
4117
3767
3099
3800
4232
4058
3602
3315
3919
4253
3972
3416
3511
4018
4244
3862
3208
3687
4091
4211
3731
2984
3839
4142
4155
3575
3199
3968
4168
4073
3398
3398
4074
4166
3969
3199
3574
4155
4141
3840
2983
3730
4213
4091
3687
3209
3862
4245
4019
3511
3416
3972
4252
3921
3314
3601
4059
4232
3799
3098
3766
4118
4185
3656
3095
3906
4157
4119
3489
3301
4023
4171
4024
3302
3488
4117
4158
3907
3095
3655
4185
4118
3767
3098
3800
4232
4058
3602
3314
3919
4253
3973
3416
3511
4017
4245
3862
3209
3687
4091
4212
3731
2983
3839
4142
4156
3575
3200
3968
4167
4074
3398
3398
4074
4166
3969
3201
3574
4154
4142
3840
2983
3730
4212
4092
3687
3210
3863
4244
4018
3512
3415
3971
4253
3921
3315
3601
4058
4232
3799
3097
3767
4118
4186
3656
3094
3906
4157
4119
3489
3301
4023
4171
4024
3301
3489
4119
4157
3907
3094
3655
4186
4119
3767
3098
3799
4232
4058
3601
3315
3920
4252
3972
3415
3511
4018
4246
3863
3208
3686
4092
4212
3730
2983
3839
4142
4155
3575
3200
3968
4167
4075
3397
3397
4074
4167
3968
3200
3574
4156
4141
3840
2983
3730
4212
4093
3687
3210
3863
4245
4017
3511
3415
3973
4252
3920
3314
3601
4058
4233
3800
3097
3766
4118
4185
3655
3093
3907
4158
4118
3488
3301
4024
4171
4025
3301
3488
4118
4157
3907
3095
3655
4187
4118
3766
3098
3800
4232
4059
3601
3315
3920
4252
3972
3415
3511
4019
4245
3863
3209
3686
4092
4212
3730
2984
3840
4141
4155
3574
3199
3969
4168
4074
3397
3397
4074
4167
3969
3199
3575
4155
4141
3839
2983
3731
4213
4092
3686
3209
3863
4245
4019
3511
3415
3972
4252
3919
3314
3602
4059
4233
3799
3098
3767
4118
4186
3655
3093
3906
4157
4118
3488
3301
4025
4172
4023
3301
3489
4118
4157
3906
3095
3656
4186
4118
3766
3098
3800
4233
4058
3601
3315
3920
4252
3972
3416
3512
4018
4245
3862
3209
3687
4093
4213
3730
2983
3840
4141
4155
3575
3200
3968
4167
4073
3397
3398
4074
4168
3968
3200
3575
4155
4141
3840
2984
3731
4212
4091
3686
3210
3863
4246
4017
3511
3416
3972
4252
3919
3315
3602
4058
4232
3799
3098
3767
4119
4186
3655
3095
3906
4157
4117
3489
3302
4025
4171
4023
3301
3489
4118
4158
3906
3093
3655
4186
4117
3767
3098
3800
4232
4057
3601
3315
3920
4253
3972
3416
3511
4018
4244
3862
3209
3687
4092
4211
3730
2984
3840
4142
4155
3575
3199
3968
4167
4073
3398
3398
4075
4166
3968
3199
3575
4155
4141
3840
2984
3730
4212
4091
3687
3209
3863
4245
4017
3511
3416
3972
4252
3921
3315
3601
4058
4231
3799
3098
3767
4118
4185
3655
3095
3907
4157
4119
3489
3301
4024
4170
4024
3302
3489
4119
4156
3906
3093
3656
4185
4118
3767
3097
3799
4231
4058
3601
3315
3921
4251
3972
3415
3512
4017
4245
3863
3209
3686
4092
4211
3730
2983
3840
4141
4155
3574
3200
3968
4166
4075
3398
3397
4074
4166
3968
3200
3575
4156
4140
3839
2983
3730
4211
4093
3687
3209
3862
4244
4018
3511
3416
3973
4251
3920
3315
3601
4058
4233
3800
3098
3766
4117
4186
3655
3094
3907
4157
4118
3489
3301
4024
4170
4025
3302
3488
4117
4157
3906
3093
3656
4186
4118
3767
3097
3799
4231
4059
3602
3315
3920
4251
3972
3415
3512
4018
4244
3863
3210
3686
4091
4212
3731
2983
3839
4140
4155
3574
3200
3969
4167
4074
3398
3397
4073
4167
3969
3200
3575
4154
4141
3839
2984
3731
4212
4092
3687
3208
3862
4245
4019
3512
3416
3971
4252
3920
3314
3602
4058
4233
3800
3099
3766
4117
4186
3656
3095
3906
4157
4118
3488
3302
4024
4172
4024
3302
3488
4117
4157
3907
3094
3656
4185
4118
3766
3099
3799
4233
4058
3602
3314
3919
4252
3973
3416
3512
4017
4245
3862
3209
3686
4093
4213
3731
2983
3839
4141
4155
3575
3201
3968
4167
4073
3398
3397
4073
4168
3969
3200
3574
4155
4141
3840
2984
3731
4212
4091
3687
3209
3862
4246
4018
3512
3415
3971
4252
3920
3314
3602
4058
4232
3800
3098
3766
4119
4187
3656
3094
3906
4157
4118
3489
3302
4025
4170
4023
3301
3488
4117
4157
3907
3094
3656
4187
4118
3766
3099
3800
4232
4058
3602
3315
3920
4251
3971
3415
3511
4018
4245
3863
3209
3687
4093
4212
3730
2984
3839
4140
4154
3574
3200
3969
4167
4074
3397
3398
4074
4167
3969
3200
3574
4155
4140
3839
2983
3730
4212
4093
3687
3209
3863
4245
4018
3511
3416
3971
4251
3920
3314
3602
4059
4232
3799
3099
3766
4118
4187
3656
3094
3906
4156
4117
3488
3301
4024
4171
4025
3302
3489
4119
4157
3906
3093
3656
4185
4118
3766
3099
3800
4232
4058
3602
3314
3920
4252
3973
3416
3512
4018
4244
3862
3209
3686
4092
4213
3731
2983
3840
4141
4155
3574
3201
3968
4166
4074
3397
3398
4074
4167
3969
3201
3574
4155
4142
3840
2983
3731
4211
4091
3686
3209
3862
4245
4019
3512
3416
3972
4252
3920
3314
3602
4057
4232
3799
3097
3766
4118
4186
3656
3093
3906
4157
4119
3489
3302
4024
4170
4023
3301
3488
4117
4158
3907
3094
3656
4186
4118
3766
3099
3800
4232
4058
3602
3314
3919
4252
3972
3416
3511
4018
4246
3863
3209
3687
4091
4211
3730
2983
3839
4142
4156
3575
3201
3969
4167
4074
3397
3398
4074
4167
3969
3201
3574
4154
4141
3840
2984
3730
4213
4093
3687
3210
3863
4244
4017
3511
3415
3971
4253
3921
3315
3602
4058
4232
3799
3097
3767
4117
4186
3656
3094
3906
4156
4118
3489
3301
4024
4172
4025
3302
3489
4118
4156
3906
3094
3655
4186
4119
3767
3099
3800
