4384
5163
5418
5142
4348
4379
5148
5396
5115
4318
4447
5194
5416
5108
4282
4442
5179
5393
5081
4252
4507
5225
5412
5073
4215
4501
5211
5389
5044
4185
4566
5254
5406
5034
4148
4560
5238
5382
5005
4118
4625
5279
5399
4993
4078
4618
5262
5375
4963
4048
4681
5301
5389
4950
4008
4673
5284
5365
4921
3978
4734
5323
5379
4904
3937
4725
5305
5353
4874
3907
4786
5340
5366
4856
3864
4776
5322
5341
4826
3834
4836
5358
5349
4806
3834
4826
5340
5323
4776
3908
4884
5373
5331
4756
3907
4874
5354
5305
4725
3979
4932
5385
5311
4704
3978
4921
5365
5285
4673
4050
4974
5395
5290
4649
4048
4963
5375
5263
4618
4120
5016
5403
5265
4591
4118
5004
5382
5238
4560
4188
5055
5410
5239
4532
4185
5044
5389
5211
4501
4255
5094
5414
5208
4473
4252
5080
5393
5180
4442
4322
5128
5418
5175
4411
4318
5114
5396
5148
4379
4384
5162
5418
5143
4348
4379
5147
5396
5115
4318
4447
5195
5416
5109
4282
4442
5179
5393
5081
4252
4507
5225
5412
5073
4215
4501
5210
5389
5043
4185
4566
5254
5406
5033
4148
4560
5239
5382
5005
4118
4625
5279
5399
4992
4078
4618
5262
5375
4964
4048
4681
5301
5389
4950
4008
4673
5284
5365
4921
3978
4734
5322
5379
4904
3937
4725
5305
5354
4874
3907
4786
5340
5366
4856
3864
4776
5322
5341
4826
3834
4836
5358
5349
4806
3834
4826
5341
5323
4776
3908
4884
5373
5331
4756
3907
4874
5354
5306
4725
3979
4932
5384
5311
4704
3978
4921
5364
5285
4673
4050
4974
5395
5289
4649
4048
4963
5375
5263
4618
4120
5016
5403
5266
4591
4118
5004
5382
5239
4560
4188
5055
5410
5239
4532
4185
5043
5389
5210
4501
4255
5094
5414
5208
4473
4252
5080
5393
5180
4442
4322
5128
5418
5175
4411
4318
5114
5396
5148
4379
4384
5162
5418
5143
4348
4379
5147
5396
5114
4318
4447
5194
5416
5109
4282
4442
5179
5393
5080
4252
4507
5225
5412
5072
4215
4501
5210
5389
5044
4185
4566
5254
5406
5034
4148
4560
5238
5382
5004
4118
4625
5279
5399
4993
4078
4618
5262
5375
4964
4048
4681
5302
5389
4951
4008
4673
5285
5364
4921
3978
4734
5322
5379
4904
3937
4725
5306
5354
4874
3907
4786
5341
5365
4856
3864
4776
5322
5341
4826
3834
4836
5358
5349
4806
3834
4826
5341
5323
4776
3908
4884
5374
5331
4756
3907
4874
5353
5306
4725
3979
4932
5384
5311
4704
3978
4921
5365
5285
4673
4050
4974
5395
5290
4649
4048
4963
5375
5263
4618
4120
5016
5403
5266
4591
4118
5004
5382
5239
4560
4188
5055
5410
5239
4532
4185
5043
5389
5211
4501
4255
5094
5414
5208
4473
4252
5080
5393
5180
4442
4322
5128
5418
5175
4411
4318
5114
5396
5147
4379
4384
5162
5418
5143
4348
4379
5147
5396
5114
4318
4447
5194
5416
5108
4282
4442
5179
5393
5081
4252
4507
5225
5412
5073
4215
4501
5210
5389
5043
4185
4566
5254
5406
5033
4148
4560
5238
5382
5005
4118
4625
5279
5399
4993
4078
4618
5262
5375
4963
4048
4681
5301
5389
4951
4008
4673
5284
5365
4921
3978
4734
5323
5379
4904
3937
4725
5306
5354
4874
3907
4786
5340
5366
4856
3864
4776
5322
5341
4826
3834
4836
5359
5349
4806
3834
4826
5340
5323
4776
3908
4884
5373
5331
4756
3907
4874
5353
5306
4725
3979
4932
5384
5311
4704
3978
4921
5364
5285
4673
4050
4974
5395
5290
4649
4048
4964
5375
5263
4618
4120
5016
5403
5266
4591
4118
5004
5382
5239
4560
4188
5055
5410
5239
4532
4185
5043
5389
5211
4501
4255
5094
5414
5208
4473
4252
5080
5393
5180
4442
4322
5128
5418
5175
4411
4318
5114
5396
5148
4379
4384
5162
5418
5143
4348
4379
5147
5396
5115
4318
4447
5194
5416
5109
4282
4442
5180
5393
5081
4252
4507
5226
5412
5073
4215
4501
5210
5389
5044
4185
4566
5255
5406
5034
4148
4560
5239
5382
5005
4118
4625
5279
5399
4993
4078
4618
5263
5375
4964
4048
4681
5302
5389
4951
4008
4673
5284
5365
4921
3978
4734
5323
5379
4904
3937
4725
5305
5354
4874
3907
4786
5340
5366
4856
3864
4776
5323
5341
4826
3834
4836
5358
5349
4806
3834
4826
5340
5322
4776
3908
4884
5374
5331
4756
3907
4874
5353
5305
4725
3979
4932
5384
5310
4704
3978
4921
5364
5285
4673
4050
4974
5395
5289
4649
4048
4964
5375
5262
4618
4120
5016
5403
5266
4591
4118
5004
5382
5238
4560
4188
5056
5410
5238
4532
4185
5043
5389
5211
4501
4255
5094
5414
5207
4473
4252
5081
5393
5180
4442
4322
5128
5418
5175
4411
4318
5114
5396
5147
4379
4384
5162
5418
5143
4348
4379
5147
5396
5115
4318
4447
5194
5416
5108
4282
4442
5179
5393
5081
4252
4507
5225
5412
5072
4215
4501
5210
5389
5044
4185
4566
5254
5406
5034
4148
4560
5238
5382
5004
4118
4625
5279
5399
4993
4078
4618
5262
5375
4964
4048
4681
5301
5389
4950
4008
4673
5284
5365
4921
3978
4734
5322
5379
4904
3937
4725
5305
5354
4874
3907
4786
5340
5366
4856
3864
4776
5322
5341
4826
3834
4836
5358
5349
4806
3834
4826
5340
5323
4776
3908
4884
5373
5331
4756
3907
4874
5353
5306
4725
3979
4932
5384
5311
4704
3978
4921
5364
5284
4673
4050
4974
5395
5290
4649
4048
4963
5375
5263
4618
4120
5016
5403
5266
4591
4118
5004
5382
5239
4560
4188
5055
5410
5239
4532
4185
5043
5389
5211
4501
4255
5094
5414
5208
4473
4252
5080
5393
5180
4442
4322
5128
5418
5175
4411
4318
5115
5396
5148
4379
4384
5163
5418
5143
4348
4379
5147
5396
5115
4318
4447
5195
5416
5109
4282
4442
5180
5393
5081
4252
4507
5225
5412
5073
4215
4501
5211
5389
5044
4185
4566
5254
5406
5034
4148
4560
5238
5382
5005
4118
4625
5280
5399
4993
4078
4618
5262
5375
4964
4048
4681
5301
5389
4951
4008
4673
5285
5365
4921
3978
4734
5322
5379
4904
3937
4725
5306
5354
4874
3907
4786
5340
5366
4856
3864
4776
5322
5341
4826
3834
4836
5359
5349
4806
3834
4826
5340
5323
4776
3908
4884
5373
5331
4756
3907
4874
5354
5306
4725
3979
4932
5384
5311
4704
3978
4921
5364
5284
4673
4050
4975
5395
5290
4649
4048
4963
5375
5263
4618
4120
5016
5403
5265
4591
4118
5004
5382
5239
4560
4188
5055
5410
5238
4532
4185
5043
5389
5210
4501
4255
5094
5414
5208
4473
4252
5080
5393
5179
4442
4322
5128
5418
5175
4411
4318
5114
5396
5148
4379
4384
5162
5418
5142
4348
4379
5147
5396
5115
4318
4447
5194
5416
5109
4282
4442
5179
5393
5080
4252
4507
5225
5412
5073
4215
4501
5210
5389
5044
4185
4566
5254
5406
5034
4148
4560
5238
5382
5005
4118
4625
5279
5399
4993
4078
4618
5262
5375
4964
4048
4681
5301
5389
4951
4008
4673
5284
5364
4921
3978
4734
5322
5379
4904
3937
4725
5305
5354
4874
3907
4786
5340
5365
4856
3864
4776
5322
5341
4826
3834
4836
5358
5349
4806
3834
4826
5340
5323
4776
3908
4884
5373
5331
4756
3907
4874
5353
5306
4725
3979
4932
5384
5311
4704
3978
4921
5364
5285
4673
4050
4974
5395
5290
4649
4048
4963
5375
5263
4618
4120
5016
5403
5266
4591
4118
5004
5382
5239
4560
4188
5055
5410
5239
4532
4185
5043
5389
5211
4501
4255
5094
5414
5208
4473
4252
5080
5393
5180
4442
4322
5128
5418
5175
4411
4318
5114
5396
5148
4379
4384
5162
5418
5143
4348
4379
5147
5396
5115
4318
4447
5194
5416
5109
4282
4442
5179
5393
5081
4252
4507
5226
5412
5073
4215
4501
5210
5389
5044
4185
4566
5254
5406
5033
4148
4560
5238
5382
5004
4118
4625
5279
5399
4992
4078
4618
5262
5375
4963
4048
4681
5301
5389
4951
4008
4673
5284
5365
4921
3978
4734
5322
5378
4904
3937
4725
5305
5353
4874
3907
4786
5340
5365
4856
3864
4776
5322
5341
4826
3834
4836
5358
5349
4806
3834
4826
5340
5323
4776
3908
4884
5373
5330
4756
3907
4874
5353
5305
4725
3979
4932
5384
5310
4704
3978
4921
5364
5285
4673
4050
4974
5395
5290
4649
4048
4963
5375
5263
4618
4120
5016
5403
5265
4591
4118
5004
5382
5238
4560
4188
5055
5410
5239
4532
4185
5043
5389
5211
4501
4255
5094
5414
5208
4473
4252
5080
5393
5179
4442
4322
5128
5418
5174
4411
4318
5114
5396
5148
4379
4384
5162
5418
5143
4348
4379
5147
5396
5115
4318
4447
5194
5416
5109
4282
4442
5180
5393
5080
4252
4507
5226
5412
5072
4215
4501
5210
5389
5044
4185
4566
5254
5406
5034
4148
4560
5239
5382
5005
4118
4625
5280
5399
4993
4078
4618
5263
5375
4963
4048
4681
5302
5389
4951
4008
4673
5284
5365
4921
3978
4734
5322
5379
4904
3937
4725
5306
5354
4874
3907
4786
5341
5365
4856
3864
4776
5323
5340
4826
3834
4836
5358
5349
4806
3834
4826
5340
5323
4776
3908
4884
5374
5331
4756
3907
4874
5354
5306
4725
3979
4932
5385
5310
4704
3978
4921
5365
5285
4673
4050
4974
5395
5290
4649
4048
4963
5375
5263
4618
4120
5017
5403
5266
4591
4118
5005
5382
5239
4560
4188
5056
