576
621
598
680
442
637
531
679
597
574
623
597
682
447
635
530
680
597
570
622
599
680
443
639
529
681
600
568
623
599
676
447
638
528
681
597
569
621
598
679
447
639
531
679
599
573
622
600
681
445
639
532
680
598
571
620
597
680
444
637
530
679
598
573
619
599
680
444
640
531
681
599
574
622
596
683
445
635
533
679
596
573
624
596
681
445
636
531
681
597
575
622
596
682
445
636
531
680
597
573
623
597
680
446
637
529
681
597
575
623
598
681
445
637
529
680
598
575
622
595
683
445
637
531
682
598
572
622
598
682
445
637
533
680
598
574
622
599
682
445
640
530
678
601
574
619
598
680
443
638
531
680
598
571
622
598
679
445
638
529
681
598
571
621
597
682
444
635
532
683
598
575
620
601
678
447
634
533
677
601
574
622
596
683
445
637
532
682
600
573
623
596
683
443
637
532
678
597
573
622
596
679
444
636
533
679
596
572
621
600
682
443
637
529
679
600
575
621
600
684
445
637
531
680
599
575
623
596
682
445
637
533
680
596
572
624
597
678
446
635
529
679
597
571
621
596
681
446
636
529
683
596
573
620
596
681
445
639
531
681
597
575
623
597
680
444
638
533
679
598
571
624
597
680
444
635
530
683
598
572
620
597
679
445
635
531
682
598
575
623
599
678
444
638
533
680
599
574
625
598
681
444
639
531
682
599
573
620
597
681
446
634
531
680
597
572
620
597
681
446
637
529
677
597
574
622
596
684
448
635
530
683
597
574
618
594
685
446
635
529
680
602
577
617
595
685
447
637
529
678
599
578
620
594
680
447
638
526
676
599
577
621
594
680
448
640
528
679
600
576
623
598
679
447
641
529
678
595
572
625
597
677
446
639
530
680
598
571
624
600
679
445
637
531
682
594
573
622
597
681
443
639
532
682
594
571
625
599
681
443
637
535
683
595
571
623
599
683
444
633
533
682
597
571
620
598
683
444
633
532
682
598
574
619
598
680
445
635
534
679
600
575
620
596
684
446
637
531
682
599
574
619
596
684
446
636
529
678
602
573
620
596
681
447
639
527
678
599
576
622
596
678
446
639
527
678
597
575
622
596
681
447
639
531
680
598
576
622
598
681
449
638
529
678
594
573
624
596
677
446
638
533
678
596
573
625
599
680
444
638
534
681
595
573
621
601
680
443
635
533
682
596
570
624
599
682
443
637
534
683
596
572
621
599
680
445
634
533
680
596
571
621
598
682
445
633
531
684
599
572
622
599
682
446
635
530
682
600
574
619
594
682
447
637
531
680
598
575
620
594
681
446
636
528
680
598
573
620
596
683
447
637
527
677
599
576
620
597
681
447
639
528
678
597
577
623
596
679
446
641
531
677
599
575
623
599
679
446
639
530
679
596
573
621
599
680
445
637
531
678
597
574
624
600
680
443
638
532
681
595
572
625
600
678
442
636
534
682
597
569
624
598
683
443
637
532
684
597
573
620
599
682
448
638
530
678
596
577
622
596
682
445
638
530
681
597
575
624
598
680
446
636
531
681
595
574
623
600
680
447
641
532
681
598
572
624
598
680
443
637
533
680
594
573
620
600
682
442
638
532
681
597
574
622
599
684
443
637
534
683
597
570
621
598
680
445
637
531
682
599
573
622
595
683
446
637
531
681
599
574
618
598
681
445
634
531
683
596
573
621
601
681
443
638
531
679
599
573
624
597
678
447
640
526
679
600
578
620
594
681
446
637
528
680
599
573
620
596
682
444
635
535
681
595
574
623
600
680
444
641
530
677
597
575
622
597
677
446
640
530
677
601
576
620
597
682
445
637
532
684
597
570
622
599
680
442
634
535
683
593
570
626
600
679
445
639
531
680
598
577
620
596
683
445
635
532
679
600
573
618
595
684
446
632
533
685
595
570
623
599
681
443
636
533
680
597
572
622
597
678
447
639
528
679
598
576
619
593
684
447
635
531
682
599
574
620
595
684
444
634
535
681
595
573
623
600
678
446
641
530
677
599
574
623
597
677
447
641
527
678
602
575
620
597
680
445
637
530
683
596
570
624
599
680
444
635
534
681
593
571
626
600
677
447
639
529
679
597
577
622
596
681
446
636
530
679
600
573
619
599
684
445
636
534
683
596
571
623
601
681
443
637
533
679
596
572
622
598
678
447
638
528
679
600
576
619
595
684
446
635
530
681
599
573
616
595
684
444
635
534
683
597
573
622
600
680
445
640
530
677
600
575
621
596
679
447
638
526
677
601
576
620
594
683
445
636
530
684
597
572
624
598
679
444
635
534
680
594
573
625
599
678
447
640
530
677
597
576
622
594
680
447
636
531
679
598
574
620
597
682
444
634
533
683
595
570
625
601
679
442
638
533
680
596
571
625
598
679
446
640
530
680
599
576
619
595
683
446
633
532
681
597
572
619
597
683
444
634
533
683
596
571
624
600
678
445
640
529
679
600
574
620
596
678
446
638
527
680
602
576
619
595
685
446
636
532
683
598
572
621
598
681
445
635
532
681
595
575
624
599
679
446
640
528
679
601
577
622
596
680
447
638
529
677
601
574
618
598
682
444
637
533
683
595
571
624
600
679
444
637
533
680
594
573
624
598
679
446
640
529
680
598
576
621
596
683
445
636
533
682
598
572
620
598
682
444
637
534
683
596
570
624
599
680
444
638
532
679
596
574
621
596
679
446
638
528
682
600
575
621
593
684
447
634
532
684
597
572
621
596
682
443
635
533
681
596
574
623
599
680
447
640
529
677
601
576
620
595
680
447
637
527
678
601
574
620
596
684
444
637
532
683
597
570
624
600
679
445
638
532
679
595
572
623
598
677
448
640
528
677
600
574
621
596
681
446
636
531
681
596
572
619
600
681
442
637
534
682
595
569
625
600
678
445
639
532
680
597
573
623
597
679
446
638
528
680
599
575
619
595
684
445
633
535
682
596
572
620
599
682
442
635
534
680
600
574
621
600
679
447
638
529
675
600
573
622
595
685
444
638
527
681
596
572
619
594
682
445
638
531
683
595
576
622
599
678
447
636
532
678
601
574
623
598
680
446
638
529
676
599
573
623
593
684
443
640
529
682
594
572
619
597
680
446
637
535
682
595
575
624
603
676
448
637
533
678
599
574
625
598
681
445
636
530
679
597
573
621
594
683
442
639
533
685
593
574
620
600
679
446
636
534
681
598
575
622
600
676
446
638
531
677
600
573
623
595
684
444
638
528
683
596
570
621
594
682
443
638
531
684
594
576
621
598
677
447
636
534
679
601
575
622
597
680
447
637
529
677
599
573
623
595
683
442
640
529
682
596
572
621
598
680
445
638
533
682
599
576
619
599
680
445
634
532
680
599
573
625
597
681
443
636
534
679
596
573
623
599
681
444
639
529
682
599
574
620
598
681
446
636
531
680
600
574
620
598
682
446
636
533
678
598
571
624
599
682
442
638
530
681
595
570
623
596
682
445
637
529
684
598
575
617
595
681
446
635
532
679
600
573
620
595
679
445
636
533
680
596
570
623
597
683
442
639
529
682
597
575
619
597
680
446
