4360
5142
5416
5174
4422
4331
5114
5394
5159
4417
4297
5107
5414
5204
4484
4268
5078
5392
5189
4478
4233
5069
5411
5234
4543
4203
5041
5388
5218
4537
4166
5031
5405
5260
4600
4136
5003
5381
5244
4593
4098
4991
5397
5285
4655
4068
4962
5373
5269
4647
4028
4949
5387
5307
4709
3998
4920
5363
5290
4700
3957
4905
5376
5328
4760
3927
4876
5351
5310
4751
3884
4860
5362
5345
4811
3854
4830
5337
5327
4802
3810
4811
5345
5362
4860
3884
4781
5320
5343
4850
3883
4760
5328
5376
4905
3957
4730
5302
5357
4894
3956
4709
5307
5387
4949
4028
4679
5281
5367
4938
4026
4655
5285
5397
4991
4098
4625
5258
5377
4979
4096
4600
5260
5405
5031
4166
4569
5234
5384
5019
4163
4543
5234
5411
5069
4233
4512
5207
5390
5056
4230
4484
5204
5414
5107
4297
4453
5177
5392
5094
4293
4422
5174
5416
5142
4360
4391
5146
5394
5128
4355
4360
5142
5416
5174
4422
4331
5114
5394
5159
4417
4297
5107
5414
5204
4484
4268
5078
5392
5189
4478
4233
5069
5411
5234
4543
4203
5041
5388
5218
4537
4166
5031
5405
5260
4600
4136
5003
5381
5244
4593
4098
4991
5397
5285
4655
4068
4962
5373
5269
4647
4028
4949
5387
5307
4709
3998
4920
5363
5290
4700
3957
4905
5376
5328
4760
3927
4876
5351
5310
4751
3884
4860
5362
5345
4811
3854
4830
5337
5327
4802
3810
4811
5345
5362
4860
3884
4781
5320
5343
4850
3883
4760
5328
5376
4905
3957
4730
5302
5357
4894
3956
4709
5307
5387
4949
4028
4679
5281
5367
4938
4026
4655
5285
5397
4991
4098
4625
5258
5377
4979
4096
4600
5260
5405
5031
4166
4569
5234
5384
5019
4163
4543
5234
5411
5069
4233
4512
5207
5390
5056
4230
4484
5204
5414
5107
4297
4453
5177
5392
5094
4293
4422
5174
5416
5142
4360
4391
5146
5394
5128
4355
4360
5142
5416
5174
4422
4331
5114
5394
5159
4417
4297
5107
5414
5204
4484
4268
5078
5392
5189
4478
4233
5069
5411
5234
4543
4203
5041
5388
5218
4537
4166
5031
5405
5260
4600
4136
5003
5381
5244
4593
4098
4991
5397
5285
4655
4068
4962
5373
5269
4647
4028
4949
5387
5307
4709
3998
4920
5363
5290
4700
3957
4905
5376
5328
4760
3927
4876
5351
5310
4751
3884
4860
5362
5345
4811
3854
4830
5337
5327
4802
3810
4811
5345
5362
4860
3884
4781
5320
5343
4850
3883
4760
5328
5376
4905
3957
4730
5302
5357
4894
3956
4709
5307
5387
4949
4028
4679
5281
5367
4938
4026
4655
5285
5397
4991
4098
4625
5258
5377
4979
4096
4600
5260
5405
5031
4166
4569
5234
5384
5019
4163
4543
5234
5411
5069
4233
4512
5207
5390
5056
4230
4484
5204
5414
5107
4297
4453
5177
5392
5094
4293
4422
5174
5416
5142
4360
4391
5146
5394
5128
4355
4360
5142
5416
5174
4422
4331
5114
5394
5159
4417
4297
5107
5414
5204
4484
4268
5078
5392
5189
4478
4233
5069
5411
5234
4543
4203
5041
5388
5218
4537
4166
5031
5405
5260
4600
4136
5003
5381
5244
4593
4098
4991
5397
5285
4655
4068
4962
5373
5269
4647
4028
4949
5387
5307
4709
3998
4920
5363
5290
4700
3957
4905
5376
5328
4760
3927
4876
5351
5310
4751
3884
4860
5362
5345
4811
3854
4830
5337
5327
4802
3810
4811
5345
5362
4860
3884
4781
5320
5343
4850
3883
4760
5328
5376
4905
3957
4730
5302
5357
4894
3956
4709
5307
5387
4949
4028
4679
5281
5367
4938
4026
4655
5285
5397
4991
4098
4625
5258
5377
4979
4096
4600
5260
5405
5031
4166
4569
5234
5384
5019
4163
4543
5234
5411
5069
4233
4512
5207
5390
5056
4230
4484
5204
5414
5107
4297
4453
5177
5392
5094
4293
4422
5174
5416
5142
4360
4391
5146
5394
5128
4355
4360
5142
5416
5174
4422
4331
5114
5394
5159
4417
4297
5107
5414
5204
4484
4268
5078
5392
5189
4478
4233
5069
5411
5234
4543
4203
5041
5388
5218
4537
4166
5031
5405
5260
4600
4136
5003
5381
5244
4593
4098
4991
5397
5285
4655
4068
4962
5373
5269
4647
4028
4949
5387
5307
4709
3998
4920
5363
5290
4700
3957
4905
5376
5328
4760
3927
4876
5351
5310
4751
3884
4860
5362
5345
4811
3854
4830
5337
5327
4802
3810
4811
5345
5362
4860
3884
4781
5320
5343
4850
3883
4760
5328
5376
4905
3957
4730
5302
5357
4894
3956
4709
5307
5387
4949
4028
4679
5281
5367
4938
4026
4655
5285
5397
4991
4098
4625
5258
5377
4979
4096
4600
5260
5405
5031
4166
4569
5234
5384
5019
4163
4543
5234
5411
5069
4233
4512
5207
5390
5056
4230
4484
5204
5414
5107
4297
4453
5177
5392
5094
4293
4422
5174
5416
5142
4360
4391
5146
5394
5128
4355
4360
5142
5416
5174
4422
4331
5114
5394
5159
4417
4297
5107
5414
5204
4484
4268
5078
5392
5189
4478
4233
5069
5411
5234
4543
4203
5041
5388
5218
4537
4166
5031
5405
5260
4600
4136
5003
5381
5244
4593
4098
4991
5397
5285
4655
4068
4962
5373
5269
4647
4028
4949
5387
5307
4709
3998
4920
5363
5290
4700
3957
4905
5376
5328
4760
3927
4876
5351
5310
4751
3884
4860
5362
5345
4811
3854
4830
5337
5327
4802
3810
4811
5345
5362
4860
3884
4781
5320
5343
4850
3883
4760
5328
5376
4905
3957
4730
5302
5357
4894
3956
4709
5307
5387
4949
4028
4679
5281
5367
4938
4026
4655
5285
5397
4991
4098
4625
5258
5377
4979
4096
4600
5260
5405
5031
4166
4569
5234
5384
5019
4163
4543
5234
5411
5069
4233
4512
5207
5390
5056
4230
4484
5204
5414
5107
4297
4453
5177
5392
5094
4293
4422
5174
5416
5142
4360
4391
5146
5394
5128
4355
4360
5142
5416
5174
4422
4331
5114
5394
5159
4417
4297
5107
5414
5204
4484
4268
5078
5392
5189
4478
4233
5069
5411
5234
4543
4203
5041
5388
5218
4537
4166
5031
5405
5260
4600
4136
5003
5381
5244
4593
4098
4991
5397
5285
4655
4068
4962
5373
5269
4647
4028
4949
5387
5307
4709
3998
4920
5363
5290
4700
3957
4905
5376
5328
4760
3927
4876
5351
5310
4751
3884
4860
5362
5345
4811
3854
4830
5337
5327
4802
3810
4811
5345
5362
4860
3884
4781
5320
5343
4850
3883
4760
5328
5376
4905
3957
4730
5302
5357
4894
3956
4709
5307
5387
4949
4028
4679
5281
5367
4938
4026
4655
5285
5397
4991
4098
4625
5258
5377
4979
4096
4600
5260
5405
5031
4166
4569
5234
5384
5019
4163
4543
5234
5411
5069
4233
4512
5207
5390
5056
4230
4484
5204
5414
5107
4297
4453
5177
5392
5094
4293
4422
5174
5416
5142
4360
4391
5146
5394
5128
4355
4360
5142
5416
5174
4422
4331
5114
5394
5159
4417
4297
5107
5414
5204
4484
4268
5078
5392
5189
4478
4233
5069
5411
5234
4543
4203
5041
5388
5218
4537
4166
5031
5405
5260
4600
4136
5003
5381
5244
4593
4098
4991
5397
5285
4655
4068
4962
5373
5269
4647
4028
4949
5387
5307
4709
3998
4920
5363
5290
4700
3957
4905
5376
5328
4760
3927
4876
5351
5310
4751
3884
4860
5362
5345
4811
3854
4830
5337
5327
4802
3810
4811
5345
5362
4860
3884
4781
5320
5343
4850
3883
4760
5328
5376
4905
3957
4730
5302
5357
4894
3956
4709
5307
5387
4949
4028
4679
5281
5367
4938
4026
4655
5285
5397
4991
4098
4625
5258
5377
4979
4096
4600
5260
5405
5031
4166
4569
5234
5384
5019
4163
4543
5234
5411
5069
4233
4512
5207
5390
5056
4230
4484
5204
5414
5107
4297
4453
5177
5392
5094
4293
4422
5174
5416
5142
4360
4391
5146
5394
5128
4355
4360
5142
5416
5174
4422
4331
5114
5394
5159
4417
4297
5107
5414
5204
4484
4268
5078
5392
5189
4478
4233
5069
5411
5234
4543
4203
5041
5388
5218
4537
4166
5031
5405
5260
4600
4136
5003
5381
5244
4593
4098
4991
5397
5285
4655
4068
4962
5373
5269
4647
4028
4949
5387
5307
4709
3998
4920
5363
5290
4700
3957
4905
5376
5328
4760
3927
4876
5351
5310
4751
3884
4860
5362
5345
4811
3854
4830
5337
5327
4802
3810
4811
5345
5362
4860
3884
4781
5320
5343
4850
3883
4760
5328
5376
4905
3957
4730
5302
5357
4894
3956
4709
5307
5387
4949
4028
4679
5281
5367
4938
4026
4655
5285
5397
4991
4098
4625
5258
5377
4979
4096
4600
5260
5405
5031
4166
4569
5234
5384
5019
4163
4543
5234
5411
5069
4233
4512
5207
5390
5056
4230
4484
5204
5414
5107
4297
4453
5177
5392
5094
4293
4422
5174
5416
5142
4360
4391
5146
5394
5128
4355
4360
5142
5416
5174
4422
4331
5114
5394
5159
4417
4297
5107
5414
5204
4484
4268
5078
5392
5189
4478
4233
5069
5411
5234
4543
4203
5041
5388
5218
4537
4166
5031
5405
5260
4600
4136
5003
5381
5244
4593
4098
4991
5397
5285
4655
4068
4962
5373
5269
4647
4028
4949
5387
5307
4709
3998
4920
5363
5290
4700
3957
4905
5376
5328
4760
3927
4876
5351
5310
4751
3884
4860
5362
5345
4811
3854
4830
5337
5327
4802
3810
4811
5345
5362
4860
3884
4781
5320
5343
4850
3883
4760
5328
5376
4905
3957
4730
5302
5357
4894
3956
4709
5307
5387
4949
4028
4679
5281
5367
4938
4026
4655
5285
