93
145
121
69
173
103
142
133
54
163
105
133
136
61
172
112
123
148
66
163
110
115
152
78
164
118
107
155
82
157
115
95
159
92
156
119
83
162
93
147
117
75
163
99
148
128
59
171
106
134
133
55
166
108
132
145
68
169
110
118
146
68
161
117
113
156
85
161
115
97
157
82
157
118
94
164
97
155
117
76
161
94
146
121
69
172
104
141
131
54
162
105
132
136
62
172
112
124
146
68
162
110
114
152
77
165
118
106
155
79
158
115
95
161
91
157
117
83
161
95
148
115
75
163
100
148
126
58
172
106
133
133
56
164
108
131
145
68
171
112
116
146
69
160
117
113
156
85
164
113
98
157
81
157
118
94
163
98
154
115
76
162
94
146
121
68
173
104
142
133
53
163
104
132
136
62
173
112
123
146
65
163
110
116
152
77
164
118
107
154
82
158
115
96
159
91
157
117
84
162
92
147
117
74
163
98
148
126
59
170
103
134
133
56
167
106
132
145
67
168
112
117
146
69
159
115
114
156
85
164
113
98
156
82
157
120
93
164
98
155
117
75
162
94
146
119
69
172
103
142
133
54
162
104
133
138
61
172
112
124
148
65
163
110
115
152
79
164
118
106
154
81
157
115
95
159
91
156
119
84
164
94
147
117
74
166
101
147
128
58
169
105
134
133
55
166
106
131
145
67
170
112
116
146
69
161
117
113
156
85
164
115
97
156
81
156
120
93
163
97
154
117
75
161
94
146
119
68
173
103
141
131
54
162
105
132
136
63
172
112
124
148
68
163
110
115
152
79
164
118
107
154
79
157
115
95
159
94
157
119
83
163
95
148
117
75
164
99
148
126
59
170
104
134
133
55
164
106
131
145
68
169
110
117
146
69
162
117
113
156
85
162
115
98
156
82
154
118
94
164
97
154
117
76
161
93
145
121
69
172
104
142
131
54
163
104
132
138
61
173
112
122
146
66
163
110
116
150
78
165
118
107
157
79
157
115
96
160
92
157
117
84
162
95
148
117
74
166
100
147
128
59
172
103
133
133
55
166
106
131
145
67
170
112
118
146
68
162
117
113
156
84
163
115
98
156
81
154
118
94
163
98
155
115
75
162
93
146
121
68
172
104
142
131
53
162
105
133
136
61
172
112
122
148
67
162
110
115
152
80
165
118
107
157
82
157
115
95
161
93
156
119
83
161
93
148
117
74
163
99
148
126
58
172
106
133
133
56
165
106
131
145
68
168
110
117
146
68
159
117
113
156
85
162
115
97
157
82
156
120
94
163
98
154
117
76
161
93
145
119
68
173
103
141
133
53
163
105
133
138
62
173
112
123
146
66
163
110
114
150
77
165
118
107
155
80
158
115
96
162
92
156
119
84
162
94
147
117
75
164
98
148
128
58
171
105
133
133
55
166
108
131
145
68
171
110
118
146
68
161
117
114
156
84
163
115
97
157
81
155
118
93
164
98
155
115
76
161
94
146
119
68
172
104
141
131
54
163
104
133
138
62
173
112
122
146
67
163
110
115
150
77
164
118
106
155
80
157
115
96
161
91
156
119
84
162
95
147
117
75
164
100
148
126
58
172
106
133
133
55
166
108
131
145
67
170
110
118
146
68
159
117
113
156
84
161
113
98
157
81
155
120
93
163
98
155
117
75
161
94
146
121
68
172
104
141
131
54
163
104
132
136
63
173
112
123
146
68
162
110
115
152
77
164
118
107
154
79
157
115
96
159
93
157
119
83
164
95
148
115
75
164
101
148
126
58
172
104
134
133
55
164
106
132
145
68
168
110
118
146
68
160
117
113
156
85
162
115
98
156
82
157
118
93
163
98
154
117
76
162
94
145
121
69
173
103
142
131
53
163
104
132
138
61
173
112
122
146
66
162
110
115
150
77
165
118
107
157
79
157
115
96
160
94
157
117
83
164
95
148
117
74
166
101
147
128
59
171
103
134
133
55
164
108
131
145
67
168
112
118
146
68
162
115
112
156
85
163
115
98
156
82
156
118
94
164
98
155
117
75
162
93
145
121
68
173
103
142
131
53
162
105
132
136
61
172
112
122
148
65
162
110
115
150
79
165
118
107
157
82
157
115
95
162
94
156
117
84
163
93
148
117
74
163
101
148
128
58
169
105
134
133
55
165
106
130
145
68
168
110
117
146
69
161
115
113
156
85
162
115
97
157
82
156
120
94
164
97
155
117
75
161
93
145
119
68
173
103
141
133
53
162
105
132
136
61
173
112
124
146
65
163
110
115
150
80
164
118
107
157
80
158
115
96
162
92
156
119
84
161
94
148
117
74
164
98
148
128
58
169
105
133
133
55
166
106
131
145
68
171
110
117
146
69
161
117
114
156
84
162
115
97
157
81
155
120
93
164
97
155
115
75
161
94
145
119
69
172
104
141
131
54
163
104
133
136
63
172
112
124
148
67
162
110
116
152
78
164
118
107
156
81
158
115
95
161
94
157
119
83
161
94
148
115
74
163
98
147
128
58
170
104
133
133
56
166
106
132
145
68
169
112
116
146
69
160
117
114
156
84
164
115
97
156
82
154
120
93
164
98
154
115
76
162
93
145
119
69
172
104
141
131
54
163
104
133
138
62
172
112
124
148
68
163
110
116
152
78
165
118
107
154
81
158
115
95
159
92
157
117
83
162
95
147
115
75
165
98
147
128
59
172
103
133
133
56
164
108
132
145
67
171
112
117
146
69
162
117
113
156
85
163
113
97
157
81
154
118
94
164
98
154
115
76
162
93
146
119
68
172
104
142
133
54
162
105
133
138
62
172
112
123
148
67
163
110
114
152
79
165
118
106
155
82
157
115
95
161
91
156
119
83
163
93
147
117
75
163
98
148
126
58
172
105
133
133
56
165
108
130
145
68
171
110
117
146
68
161
117
112
156
85
161
113
98
157
81
154
118
94
163
97
154
117
76
161
93
146
121
68
172
104
141
133
53
163
105
132
138
62
173
112
123
148
66
163
110
114
150
80
165
118
107
154
81
158
115
96
162
94
157
119
84
163
95
148
117
75
165
99
147
128
59
172
106
134
133
56
167
108
132
145
67
169
112
118
146
69
160
117
114
156
85
164
115
97
157
82
154
118
94
164
98
155
115
76
161
93
146
119
68
172
103
142
131
54
162
104
133
136
63
172
112
124
148
67
163
110
114
150
77
165
118
106
154
79
157
115
95
162
92
156
117
83
161
93
147
115
74
163
98
147
126
58
170
106
134
133
55
167
108
131
145
67
170
110
116
146
69
161
115
112
156
84
163
113
97
157
81
154
118
94
163
98
155
117
76
161
94
146
121
68
173
104
141
133
53
163
105
132
138
62
173
112
123
148
68
163
110
114
150
77
164
118
106
155
79
157
115
96
162
93
157
119
84
162
94
148
117
75
164
100
148
126
59
172
106
134
133
55
164
108
131
145
67
168
110
117
146
68
160
117
113
156
84
162
115
98
157
81
155
120
94
163
98
155
117
75
162
94
146
121
68
172
103
141
131
54
162
104
133
136
61
172
112
123
146
68
162
110
114
150
