118
166
214
275
217
88
179
234
271
189
111
190
252
262
157
134
195
267
245
120
156
196
276
230
88
170
222
277
205
110
178
240
269
170
134
187
259
258
138
151
187
267
241
103
167
213
268
216
110
178
238
266
188
134
184
253
256
154
152
188
263
238
118
168
220
266
214
101
183
243
262
187
126
193
259
255
158
146
197
269
238
122
167
213
275
216
88
180
235
269
190
112
189
252
261
158
135
194
268
246
121
155
195
274
229
87
169
223
277
201
113
179
238
270
175
131
186
259
257
139
152
188
265
241
101
165
214
271
217
110
175
239
267
187
134
185
254
254
153
155
190
264
240
116
170
216
267
215
97
184
242
262
190
126
191
259
253
155
149
198
267
236
122
165
212
272
216
89
181
236
272
189
113
191
252
261
158
134
197
266
246
121
156
197
274
229
86
170
220
276
203
111
179
241
269
173
133
186
256
258
135
151
186
266
241
104
165
215
270
218
110
176
239
266
187
135
184
254
256
153
153
189
265
240
117
169
219
266
217
97
182
242
264
188
126
192
258
254
155
146
199
268
237
119
167
212
273
215
88
179
236
270
189
113
192
253
264
157
134
196
265
244
121
155
196
274
230
87
171
221
276
204
109
178
238
269
171
134
187
258
257
136
151
188
264
241
102
168
214
271
217
111
176
237
264
188
135
185
253
258
152
155
188
264
239
118
168
218
266
215
99
183
243
264
189
125
190
258
254
154
147
198
270
237
120
165
212
272
217
87
180
237
268
190
111
189
254
261
157
135
194
267
246
120
156
198
274
230
87
168
222
276
205
110
180
238
269
171
131
186
257
256
139
152
189
267
240
101
167
217
268
218
109
178
236
267
187
135
183
254
255
154
154
191
263
239
117
168
220
267
213
98
183
240
264
186
124
193
257
254
159
147
199
269
238
119
166
214
273
216
88
179
237
268
188
113
189
253
264
158
135
198
266
247
121
153
199
275
230
87
170
220
276
201
112
178
241
268
174
133
188
258
258
137
152
189
266
241
101
166
215
268
217
110
175
238
265
188
135
187
252
257
152
153
190
265
237
117
170
216
267
214
98
185
240
263
190
122
193
257
254
158
148
195
268
236
118
165
212
274
215
89
179
235
270
190
111
192
252
264
158
135
196
267
245
122
153
196
276
227
86
168
222
276
207
109
181
240
270
170
134
184
257
257
138
150
189
264
241
101
165
217
269
217
110
177
236
268
186
135
185
255
256
153
154
187
263
237
117
170
218
266
218
98
185
241
262
187
125
190
259
253
154
149
196
269
238
118
166
210
272
217
87
180
234
272
189
112
190
255
261
159
134
195
268
245
120
154
195
275
231
86
171
220
277
206
113
179
241
269
174
132
186
256
258
136
149
189
265
240
104
165
213
271
216
111
177
239
266
188
134
187
252
256
153
154
190
264
238
118
170
219
266
215
100
183
243
263
187
125
191
256
255
153
146
198
267
237
121
165
210
274
216
89
180
237
271
189
112
192
255
261
159
135
198
268
247
121
154
196
275
231
88
169
223
277
202
112
181
239
270
175
134
187
256
258
139
149
188
265
240
103
165
214
269
217
110
177
239
264
188
134
183
252
257
152
152
188
262
237
117
170
218
267
216
101
182
242
262
188
123
190
258
254
153
146
197
270
237
122
167
213
274
216
89
180
237
271
189
112
189
254
261
158
135
197
268
246
122
156
198
274
231
88
168
220
276
203
109
180
239
269
172
133
186
257
257
139
152
188
267
240
100
165
214
269
217
109
178
236
264
