9502
10590
7679
10508
9576
9404
10618
7824
10470
9667
9302
10645
7964
10429
9755
9197
10665
8102
10384
9837
9089
10682
8237
10335
9916
8977
10694
8369
10283
9990
8862
10704
8495
10227
10061
8744
10707
8621
10167
10129
8621
10707
8744
10101
10193
8495
10704
8862
10032
10251
8369
10694
8977
9960
10305
8237
10682
9089
9883
10356
8102
10665
9197
9803
10403
7964
10645
9302
9719
10446
7824
10618
9404
9630
10486
7679
10590
9502
9537
10522
7533
10558
9596
9445
10553
7678
10521
9688
9346
10581
7821
10480
9777
9244
10606
7961
10436
9860
9139
10625
8097
10388
9940
9030
10642
8231
10336
10016
8918
10653
8361
10281
10088
8803
10661
8487
10222
10156
8684
10664
8612
10156
10222
8561
10663
8733
10088
10281
8435
10659
8850
10016
10336
8309
10648
8964
9940
10388
8177
10635
9075
9860
10436
8041
10618
9182
9777
10480
7903
10597
9286
9688
10521
7764
10569
9387
9596
10558
7619
10540
9483
9502
10590
7679
10508
9576
9404
10618
7824
10470
9667
9302
10645
7964
10429
9755
9197
10665
8102
10384
9837
9089
10682
8237
10335
9916
8977
10694
8369
10283
9990
8862
10704
8495
10227
10061
8744
10707
8621
10167
10129
8621
10707
8744
10101
10193
8495
10704
8862
10032
10251
8369
10694
8977
9960
10305
8237
10682
9089
9883
10356
8102
10665
9197
9803
10403
7964
10645
9302
9719
10446
7824
10618
9404
9630
10486
7679
10590
9502
9537
10522
7533
10558
9596
9445
10553
7678
10521
9688
9346
10581
7821
10480
9777
9244
10606
7961
10436
9860
9139
10625
8097
10388
9940
9030
10642
8231
10336
10016
8918
10653
8361
10281
10088
8803
10661
8487
10222
10156
8684
10664
8612
10156
10222
8561
10663
8733
10088
10281
8435
10659
8850
10016
10336
8309
10648
8964
9940
10388
8177
10635
9075
9860
10436
8041
10618
9182
9777
10480
7903
10597
9286
9688
10521
7764
10569
9387
9596
10558
7619
10540
9483
9502
10590
7679
10508
9576
9404
10618
7824
10470
9667
9302
10645
7964
10429
9755
9197
10665
8102
10384
9837
9089
10682
8237
10335
9916
8977
10694
8369
10283
9990
8862
10704
8495
10227
10061
8744
10707
8621
10167
10129
8621
10707
8744
10101
10193
8495
10704
8862
10032
10251
8369
10694
8977
9960
10305
8237
10682
9089
9883
10356
8102
10665
9197
9803
10403
7964
10645
9302
9719
10446
7824
10618
9404
9630
10486
7679
10590
9502
9537
10522
7533
10558
9596
9445
10553
7678
10521
9688
9346
10581
7821
10480
9777
9244
10606
7961
10436
9860
9139
10625
8097
10388
9940
9030
10642
8231
10336
10016
8918
10653
8361
10281
10088
8803
10661
8487
10222
10156
8684
10664
8612
10156
10222
8561
10663
8733
10088
10281
8435
10659
8850
10016
10336
8309
10648
8964
9940
10388
8177
10635
9075
9860
10436
8041
10618
9182
9777
10480
7903
10597
9286
9688
10521
7764
10569
9387
9596
10558
7619
10540
9483
9502
10590
7679
10508
9576
9404
10618
7824
10470
9667
9302
10645
7964
10429
9755
9197
10665
8102
10384
9837
9089
10682
8237
10335
9916
8977
10694
8369
10283
9990
8862
10704
8495
10227
10061
8744
10707
8621
10167
10129
8621
10707
8744
10101
10193
8495
10704
8862
10032
10251
8369
10694
8977
9960
10305
8237
10682
9089
9883
10356
8102
10665
9197
9803
10403
7964
10645
9302
9719
10446
7824
10618
9404
9630
10486
7679
10590
9502
9537
10522
7533
10558
9596
9445
10553
7678
10521
9688
9346
10581
7821
10480
9777
9244
10606
7961
10436
9860
9139
10625
8097
10388
9940
9030
10642
8231
10336
10016
8918
10653
8361
10281
10088
8803
10661
8487
10222
10156
8684
10664
8612
10156
10222
8561
10663
8733
10088
10281
8435
10659
8850
10016
10336
8309
10648
8964
9940
10388
8177
10635
9075
9860
10436
8041
10618
9182
9777
10480
7903
10597
9286
9688
10521
7764
10569
9387
9596
10558
7619
10540
9483
9502
10590
7679
10508
9576
9404
10618
7824
10470
9667
9302
10645
7964
10429
9755
9197
10665
8102
10384
9837
9089
10682
8237
10335
9916
8977
10694
8369
10283
9990
8862
10704
8495
10227
10061
8744
10707
8621
10167
10129
8621
10707
8744
10101
10193
8495
10704
8862
10032
10251
8369
10694
8977
9960
10305
8237
10682
9089
9883
10356
8102
10665
9197
9803
10403
7964
10645
9302
9719
10446
7824
10618
9404
9630
10486
7679
10590
9502
9537
10522
7533
10558
9596
9445
10553
7678
10521
9688
9346
10581
7821
10480
9777
9244
10606
7961
10436
9860
9139
10625
8097
10388
9940
9030
10642
8231
10336
10016
8918
10653
8361
10281
10088
8803
10661
8487
10222
10156
8684
10664
8612
10156
10222
8561
10663
8733
10088
10281
8435
10659
8850
10016
10336
8309
10648
8964
9940
