21
32
38
43
35
33
26
14
16
17
18
29
35
38
44
36
29
17
17
16
20
31
37
43
36
34
26
16
15
18
17
27
35
37
43
37
30
19
17
17
19
30
37
43
37
35
27
17
18
15
16
26
34
36
43
37
31
20
16
17
17
29
36
44
38
35
29
18
17
16
14
26
33
35
43
38
32
21
16
18
16
27
34
44
38
36
31
22
14
16
13
25
35
33
42
39
32
22
17
18
16
26
33
42
40
35
31
24
14
15
14
23
34
35
40
41
33
24
17
18
17
24
33
41
40
35
34
23
14
15
14
24
31
35
40
42
33
26
16
18
17
22
32
39
42
33
35
25
13
16
14
22
31
36
38
44
34
27
16
18
16
21
32
38
43
35
33
26
14
16
17
18
29
35
38
44
36
29
17
17
16
20
31
37
43
36
34
26
16
15
18
17
27
35
37
43
37
30
19
17
17
19
30
37
43
37
35
27
17
18
15
16
26
34
36
43
37
31
20
16
17
17
29
36
44
38
35
29
18
17
16
14
26
33
35
43
38
32
21
16
18
16
27
34
44
38
36
31
22
14
16
13
25
35
33
42
39
32
22
17
18
16
26
33
42
40
35
31
24
14
15
14
23
34
35
40
41
33
24
17
18
17
24
33
41
40
35
34
23
14
15
14
24
31
35
40
42
33
26
16
18
17
22
32
39
42
33
35
25
13
16
14
22
31
36
38
44
34
27
16
18
16
21
32
38
43
35
33
26
14
16
17
18
29
35
38
44
36
29
17
17
16
20
31
37
43
36
34
26
16
15
18
17
27
35
37
43
37
30
19
17
17
19
30
37
43
37
35
27
17
18
15
16
26
34
36
43
37
31
20
16
17
17
29
36
44
38
35
29
18
17
16
14
26
33
35
43
38
32
21
16
18
16
27
34
44
38
36
31
22
14
16
13
25
35
33
42
39
32
22
17
18
16
26
33
42
40
35
31
24
14
15
14
23
34
35
40
41
33
24
17
18
17
24
33
41
40
35
34
23
14
15
14
24
31
35
40
42
33
26
16
18
17
22
32
39
42
33
35
25
13
16
14
22
31
36
38
44
34
27
16
18
16
21
32
38
43
35
33
26
14
16
17
18
29
35
38
44
36
29
17
17
16
20
31
37
43
36
34
26
16
15
18
17
27
35
37
43
37
30
19
17
17
19
30
37
43
37
35
27
17
18
15
16
26
34
36
43
37
31
20
16
17
17
29
36
44
38
35
29
18
17
16
14
26
33
35
43
38
32
21
16
18
16
27
34
44
38
36
31
22
14
16
13
25
35
33
42
39
32
22
17
18
16
26
33
42
40
35
31
24
14
15
14
23
34
35
40
41
33
24
17
18
17
24
33
41
40
35
34
23
14
15
14
24
31
35
40
42
33
26
16
18
17
22
32
39
42
33
35
25
13
16
14
22
31
36
38
44
34
27
16
18
16
21
32
38
43
35
33
26
14
16
17
18
29
35
38
44
36
29
17
17
16
20
31
37
43
36
34
26
16
15
18
17
27
35
37
43
37
30
19
17
17
19
30
37
43
37
35
27
17
18
15
16
26
34
36
43
37
31
20
16
17
17
29
36
44
38
35
29
18
17
16
14
26
33
35
43
38
32
21
16
18
16
27
34
44
38
36
31
22
14
16
13
25
35
33
42
39
32
22
17
18
16
26
33
42
40
35
31
24
14
15
14
23
34
35
40
41
33
24
17
18
17
24
33
41
40
35
34
23
14
15
14
24
31
35
40
42
33
26
16
18
17
22
32
39
42
33
35
25
13
16
14
22
31
36
38
44
34
27
16
18
16
21
32
38
43
35
33
26
14
16
17
18
29
35
38
44
36
29
17
17
16
20
31
37
43
36
34
26
16
15
18
17
27
35
37
43
37
30
19
17
17
19
30
37
43
37
35
27
17
18
15
16
26
34
36
43
37
31
20
16
17
17
29
36
44
38
35
29
18
17
16
14
26
33
35
43
38
32
21
16
18
16
27
34
44
38
36
31
22
14
16
13
25
35
33
42
39
32
22
17
18
16
26
33
42
40
35
31
24
14
15
14
23
34
35
40
41
33
24
17
18
17
24
33
41
40
35
34
23
14
15
14
24
31
35
40
42
33
26
16
18
17
22
32
39
42
33
35
25
13
16
14
22
31
36
38
44
34
27
16
18
16
21
32
38
43
35
33
26
14
16
17
18
29
35
38
44
36
29
17
17
16
20
31
37
43
36
34
26
16
15
18
17
27
35
37
43
37
30
19
17
17
19
30
37
43
37
35
27
17
18
15
16
26
34
36
43
37
31
20
16
17
17
29
36
44
38
35
29
18
17
16
14
26
33
35
43
38
32
21
16
18
16
27
34
44
38
36
31
22
14
16
13
25
35
33
42
39
32
22
17
18
16
26
33
42
40
35
31
24
14
15
14
23
34
35
40
41
33
24
17
18
17
24
33
41
40
35
34
23
14
15
14
24
31
35
40
42
33
26
16
18
17
22
32
39
42
33
35
25
13
16
14
22
31
36
38
44
34
27
16
18
16
21
32
38
43
35
33
26
14
16
17
18
29
35
38
44
36
29
17
17
16
20
31
37
43
36
34
26
16
15
18
17
27
35
37
43
37
30
19
17
17
19
30
37
43
37
35
27
17
18
15
16
26
34
36
43
37
31
20
16
17
17
29
36
44
38
35
29
18
17
16
14
26
33
35
43
38
32
21
16
18
16
27
34
44
38
36
31
22
14
16
13
25
35
33
42
39
32
22
17
18
16
26
33
42
40
35
31
24
14
15
14
23
34
35
40
41
33
24
17
18
17
24
33
41
40
35
34
23
14
15
14
24
31
35
40
42
33
26
16
18
17
22
32
39
42
33
35
25
13
16
14
22
31
36
38
44
34
27
16
18
16
21
32
38
43
35
33
26
14
16
17
18
29
35
38
44
36
29
17
17
16
20
31
37
43
36
34
26
16
15
18
17
27
35
37
43
37
30
19
17
17
19
30
37
43
37
35
27
17
18
15
16
26
34
36
43
37
31
20
16
17
17
29
36
44
38
35
29
18
17
16
14
26
33
35
43
38
32
21
16
18
16
27
34
44
38
36
31
22
14
16
13
25
35
33
42
39
32
22
17
18
16
26
33
42
40
35
31
24
14
15
14
23
34
35
40
41
33
24
17
18
17
24
33
41
40
35
34
23
14
15
14
24
31
35
40
42
33
26
16
18
17
22
32
39
42
33
35
25
13
16
14
22
31
36
38
44
34
27
16
18
16
21
32
38
43
35
33
26
14
16
17
18
29
35
38
44
36
29
17
17
16
20
31
37
43
36
34
26
16
15
18
17
27
35
37
43
37
30
19
17
17
19
30
37
43
37
35
27
17
18
15
16
26
34
36
43
37
31
20
16
17
17
29
36
44
38
35
29
18
17
16
14
26
33
35
43
38
32
21
16
18
16
27
34
44
38
36
31
22
14
16
13
25
35
33
42
39
32
22
17
18
16
26
33
42
40
35
31
24
14
15
14
23
34
