448
450
595
443
452
602
451
449
594
448
451
596
447
451
600
448
449
598
450
448
601
449
449
599
448
449
598
447
453
603
448
450
598
445
451
600
448
449
596
446
446
596
447
448
596
446
448
597
447
449
599
448
449
598
448
448
597
448
452
600
451
449
597
447
451
600
451
450
600
450
450
596
446
448
597
444
449
599
449
451
601
446
448
598
448
450
599
449
451
601
448
447
596
447
447
597
445
446
595
444
450
599
450
453
604
452
451
600
449
449
597
445
446
595
444
451
601
450
453
602
450
450
597
449
448
597
446
446
596
448
448
598
446
448
597
447
450
600
448
449
598
447
449
598
449
449
597
447
450
599
449
449
598
449
449
599
447
448
597
446
448
597
446
449
595
447
446
608
438
457
593
452
459
589
456
443
606
440
459
605
443
455
588
455
448
595
447
446
609
438
457
598
455
460
590
458
441
603
441
454
604
441
460
591
457
454
596
451
450
610
437
459
597
446
455
589
456
442
603
441
451
606
443
456
591
457
456
593
453
443
606
439
459
600
447
460
588
457
448
601
445
454
608
439
457
595
451
454
590
453
444
600
441
450
602
444
455
595
453
451
596
449
447
604
442
453
596
449
452
592
452
445
602
444
450
602
444
456
594
455
453
595
450
445
605
442
455
599
447
457
594
454
447
601
445
452
604
443
453
594
451
451
595
452
445
604
443
452
599
446
454
591
453
448
599
445
449
604
444
454
597
452
453
593
450
444
596
451
451
597
444
446
602
444
452
599
449
455
595
452
449
602
446
448
598
443
451
594
450
453
596
447
449
603
445
454
599
448
451
593
452
447
598
444
449
600
447
452
596
452
451
594
450
448
602
445
450
595
447
451
597
453
449
598
446
450
601
447
451
596
447
449
595
451
445
601
446
448
600
448
453
597
454
449
596
449
449
602
445
450
595
449
451
597
453
449
603
447
451
601
447
450
595
449
446
597
449
447
603
445
450
600
449
453
598
452
448
598
445
450
602
446
451
595
447
450
598
449
449
602
443
450
601
448
454
597
449
446
599
447
449
603
444
453
598
450
454
596
450
447
599
444
453
601
445
453
593
448
449
599
447
448
601
442
451
596
449
455
594
454
446
603
441
453
603
446
455
595
452
448
598
448
448
607
442
450
596
450
454
596
454
448
602
444
452
603
447
457
593
452
451
596
447
446
605
440
454
599
449
456
596
452
445
602
443
452
604
443
453
592
453
452
598
451
446
602
441
454
599
449
458
591
451
446
601
443
453
604
441
453
593
451
451
597
448
444
604
441
454
598
448
456
592
453
449
600
448
449
601
444
454
594
451
455
592
450
446
602
443
455
600
446
453
592
453
447
599
445
448
601
442
453
595
453
453
593
451
446
603
446
453
598
446
455
591
454
448
596
446
449
603
443
454
596
450
452
594
453
446
603
444
451
600
448
452
595
453
450
596
449
449
604
448
451
595
450
452
594
453
445
601
443
452
601
443
452
599
452
447
599
448
449
604
443
451
598
449
452
597
452
447
599
445
451
600
447
454
594
449
450
596
447
448
602
443
450
598
446
452
598
451
446
599
448
451
599
445
454
595
449
451
597
450
448
599
445
454
598
448
452
595
450
445
598
446
451
600
444
452
595
449
450
598
451
445
601
446
451
598
451
454
594
451
449
599
450
449
599
446
450
595
448
451
598
450
446
602
447
452
599
446
452
597
449
447
599
449
448
601
447
450
599
452
453
598
451
448
600
447
451
599
447
448
595
450
451
600
447
448
602
447
450
596
450
452
596
448
447
603
448
448
598
447
451
595
449
453
600
448
448
602
447
451
597
446
451
598
448
448
600
447
449
601
446
452
598
448
450
597
446
448
601
445
448
598
449
449
595
451
453
598
446
451
598
448
451
595
447
450
596
445
450
603
447
449
598
449
450
596
447
449
599
445
448
599
448
449
595
447
451
599
450
450
599
448
449
598
448
451
597
447
448
596
447
450
601
448
450
600
451
449
597
449
449
597
444
448
600
450
447
597
450
449
598
448
452
601
449
449
598
449
449
598
445
448
600
447
448
602
449
447
600
448
449
601
449
449
597
447
449
599
449
450
599
449
449
598
449
452
599
446
450
599
449
449
598
446
450
598
445
449
602
449
447
599
449
449
598
446
451
599
446
448
600
448
448
597
447
450
599
449
451
598
446
448
596
446
450
598
446
450
598
446
449
602
447
449
599
449
449
597
448
447
601
449
450
599
446
449
600
449
451
599
447
446
600
449
450
599
445
451
598
446
450
602
448
446
598
446
451
602
448
453
599
448
448
600
448
451
597
444
451
599
449
452
598
446
448
599
446
452
599
445
450
597
447
451
602
446
448
597
446
452
598
448
452
598
446
449
600
449
451
595
447
451
597
450
450
598
447
450
596
446
452
596
447
450
596
448
450
601
446
449
596
447
451
597
452
449
597
447
450
599
449
450
594
447
447
598
450
447
601
447
448
597
450
449
596
449
448
598
448
450
601
449
448
594
449
449
600
451
448
602
448
450
600
450
451
595
448
447
601
449
447
602
445
448
598
450
451
599
449
447
600
446
449
603
448
449
594
449
448
600
448
450
602
446
450
600
452
454
595
445
448
602
446
450
602
448
450
597
449
451
600
445
447
600
445
451
600
448
451
595
448
447
601
447
450
598
446
451
597
453
453
596
445
447
600
445
451
600
450
450
594
450
449
600
444
449
599
445
450
597
451
450
595
446
447
602
446
450
597
449
450
596
452
449
597
444
448
599
446
451
597
451
449
597
449
449
600
446
449
596
448
450
597
453
448
597
446
450
600
446
453
597
450
448
597
452
448
601
443
449
600
448
451
597
452
446
598
447
450
603
447
452
596
450
450
598
450
448
599
445
450
600
449
454
596
449
448
599
450
449
600
443
453
597
448
452
599
451
445
600
445
453
601
446
454
596
450
447
598
448
448
600
444
451
598
447
452
596
449
447
600
445
449
599
444
450
596
450
450
601
447
448
597
443
451
598
450
452
596
449
447
599
447
451
598
447
452
596
451
452
596
448
448
600
446
451
598
448
450
596
451
448
603
447
447
597
446
451
597
453
451
600
450
447
600
447
451
596
448
451
597
451
447
599
448
449
600
446
452
598
450
448
598
451
450
604
446
449
597
447
449
598
453
450
602
447
447
601
447
451
596
450
451
598
449
447
601
446
449
599
447
452
596
449
448
600
449
450
604
447
451
595
448
450
598
452
450
603
445
450
597
447
454
597
450
449
600
448
450
601
446
451
597
447
451
596
449
446
599
446
452
602
447
451
594
448
448
598
449
450
602
445
450
595
450
452
595
450
449
600
448
450
598
449
451
593
449
451
597
449
446
599
447
452
598
449
451
594
449
447
599
449
450
599
445
448
595
450
448
598
449
447
600
446
448
598
449
448
595
449
447
599
447
446
599
447
450
598
452
450
596
447
447
601
448
451
599
446
448
595
450
448
602
448
449
601
446
450
596
449
449
597
447
447
601
446
448
599
447
450
598
449
449
598
446
449
601
448
453
