6058
6778
5149
6469
6311
5489
6823
5792
6113
6586
4777
6693
6290
5607
6693
5458
6391
6633
4959
6628
6000
5929
6806
5324
6394
6394
5324
6806
5929
6000
6628
4959
6633
6391
5458
6693
5607
6290
6693
4777
6586
6113
5792
6823
5489
6311
6469
5149
6778
6058
5876
6660
5134
6562
6481
5301
6682
5746
6179
6741
4967
6533
6217
5645
6828
5645
6217
6533
4967
6741
6179
5746
6682
5301
6481
6562
5134
6660
5876
6058
6778
5149
6469
6311
5489
6823
5792
6113
6586
4777
6693
6290
5607
6693
5458
6391
6633
4959
6628
6000
5929
6806
5324
6394
6394
5324
6806
5929
6000
6628
4959
6633
6391
5458
6693
5607
6290
6693
4777
6586
6113
5792
6823
5489
6311
6469
5149
6778
6058
5876
6660
5134
6562
6481
5301
6682
5746
6179
6741
4967
6533
6217
5645
6828
5645
6217
6533
4967
6741
6179
5746
6682
5301
6481
6562
5134
6660
5876
6058
6778
5149
6469
6311
5489
6823
5792
6113
6586
4777
6693
6290
5607
6693
5458
6391
6633
4959
6628
6000
5929
6806
5324
6394
6394
5324
6806
5929
6000
6628
4959
6633
6391
5458
6693
5607
6290
6693
4777
6586
6113
5792
6823
5489
6311
6469
5149
6778
6058
5876
6660
5134
6562
6481
5301
6682
5746
6179
6741
4967
6533
6217
5645
6828
5645
6217
6533
4967
6741
6179
5746
6682
5301
6481
6562
5134
6660
5876
6058
6778
5149
6469
6311
5489
6823
5792
6113
6586
4777
6693
6290
5607
6693
5458
6391
6633
4959
6628
6000
5929
6806
5324
6394
6394
5324
6806
5929
6000
6628
4959
6633
6391
5458
6693
5607
6290
6693
4777
6586
6113
5792
6823
5489
6311
6469
5149
6778
6058
5876
6660
5134
6562
6481
5301
6682
5746
6179
6741
4967
6533
6217
5645
6828
5645
6217
6533
4967
6741
6179
5746
6682
5301
6481
6562
5134
6660
5876
6058
6778
5149
6469
6311
5489
6823
5792
6113
6586
4777
6693
6290
5607
6693
5458
6391
6633
4959
6628
6000
5929
6806
5324
6394
6394
5324
6806
5929
6000
6628
4959
6633
6391
5458
6693
5607
6290
6693
4777
6586
6113
5792
6823
5489
6311
6469
5149
6778
6058
5876
6660
5134
6562
6481
5301
6682
5746
6179
6741
4967
6533
6217
5645
6828
5645
6217
6533
4967
6741
6179
5746
6682
5301
6481
6562
5134
6660
5876
6058
6778
5149
6469
6311
5489
6823
5792
6113
6586
4777
6693
6290
5607
6693
5458
6391
6633
4959
6628
6000
5929
6806
5324
6394
6394
5324
6806
5929
6000
6628
4959
6633
6391
5458
6693
5607
6290
6693
4777
6586
6113
5792
6823
5489
6311
6469
5149
6778
6058
5876
6660
5134
6562
6481
5301
6682
5746
6179
6741
4967
6533
6217
5645
6828
5645
6217
6533
4967
6741
6179
5746
6682
5301
6481
6562
5134
6660
5876
6058
6778
5149
6469
6311
5489
6823
5792
6113
6586
4777
6693
6290
5607
6693
5458
6391
6633
4959
6628
6000
5929
6806
5324
6394
6394
5324
6806
5929
6000
6628
4959
6633
6391
5458
6693
5607
6290
6693
4777
6586
6113
5792
6823
5489
6311
6469
5149
6778
6058
5876
6660
5134
6562
6481
5301
6682
5746
6179
6741
4967
6533
6217
5645
6828
5645
6217
6533
4967
6741
6179
5746
6682
5301
6481
6562
5134
6660
5876
6058
6778
5149
6469
6311
5489
6823
5792
6113
6586
4777
6693
6290
5607
6693
5458
6391
6633
4959
6628
6000
5929
6806
5324
6394
6394
5324
6806
5929
6000
6628
4959
6633
6391
5458
6693
5607
6290
6693
4777
6586
6113
5792
6823
5489
6311
6469
5149
6778
6058
5876
6660
5134
6562
6481
5301
6682
5746
6179
6741
4967
6533
6217
5645
6828
5645
6217
6533
4967
6741
6179
5746
6682
5301
6481
6562
5134
6660
5876
6058
6778
5149
6469
6311
5489
6823
5792
6113
6586
4777
6693
6290
5607
6693
5458
6391
6633
4959
6628
6000
5929
6806
5324
6394
6394
5324
6806
5929
6000
6628
4959
6633
6391
5458
6693
5607
6290
6693
4777
6586
6113
5792
6823
5489
6311
6469
5149
6778
6058
5876
6660
5134
6562
6481
5301
6682
5746
6179
6741
4967
6533
6217
5645
6828
5645
6217
6533
4967
6741
6179
5746
6682
5301
6481
6562
5134
6660
5876
6058
6778
5149
6469
6311
5489
6823
5792
6113
6586
4777
6693
6290
5607
6693
5458
6391
6633
4959
6628
6000
5929
6806
5324
6394
6394
5324
6806
5929
6000
6628
4959
6633
6391
5458
6693
5607
6290
6693
4777
6586
6113
5792
6823
5489
6311
6469
5149
6778
6058
5876
6660
5134
6562
6481
5301
6682
5746
6179
6741
4967
6533
6217
5645
6828
5645
6217
6533
4967
6741
