6247
6772
5202
6790
5526
6635
6461
5814
6750
4850
6865
5996
6289
6544
5555
6927
5388
6611
6183
6126
6823
5029
6774
5675
6555
6555
5673
6775
5027
6823
6126
6182
6610
5390
6927
5555
6546
6289
5996
6863
4849
6750
5814
6461
6636
5526
6790
5202
6772
6247
6068
6666
5217
6916
5711
6470
6383
5858
6896
5038
6713
5946
6359
6708
5369
6796
5368
6708
6359
5946
6713
5036
6895
5858
6384
6470
5711
6916
5217
6668
6067
6246
6771
5202
6790
5525
6638
6460
5815
6749
4850
6864
5997
6289
6545
5556
6927
5389
6611
6182
6125
6823
5030
6776
5673
6555
6554
5675
6774
5030
6823
6124
6184
6611
5391
6927
5554
6545
6289
5997
6864
4849
6751
5813
6462
6636
5526
6790
5200
6771
6246
6068
6667
5218
6916
5711
6471
6384
5859
6896
5035
6714
5945
6359
6708
5368
6795
5366
6709
6358
5947
6713
5037
6895
5859
6385
6471
5711
6916
5215
6668
6067
6246
6769
5203
6790
5528
6636
6462
5813
6749
4849
6865
5998
6288
6545
5555
6927
5389
6613
6185
6126
6823
5030
6776
5673
6556
6556
5675
6775
5028
6824
6125
6183
6611
5390
6926
5554
6546
6288
5996
6863
4850
6748
5814
6462
6637
5525
6789
5201
6770
6248
6068
6669
5216
6916
5710
6472
6386
5857
6897
5037
6714
5945
6360
6710
5367
6795
5367
6709
6358
5947
6714
5036
6895
5857
6386
6471
5713
6916
5217
6666
6066
6246
6771
5201
6789
5526
6635
6461
5814
6751
4850
6864
5997
6289
6545
5554
6928
5391
6612
6184
6127
6824
5029
6776
5675
6554
6555
5676
6776
5028
6822
6125
6183
6610
5391
6927
5555
6544
6287
5997
6864
4851
6750
5816
6460
6636
5525
6790
5203
6770
6248
6066
6667
5216
6917
5712
6470
6385
5858
6895
5036
6715
5947
6358
6709
5369
6796
5366
6710
6359
5945
6713
5038
6896
5859
6386
6470
5711
6915
5217
6667
6068
6245
6769
5202
6790
5526
6636
6461
5815
6750
4849
6865
5996
6288
6545
5556
6927
5390
6611
6182
6125
6822
5030
6775
5675
6554
6554
5673
6775
5030
6823
6126
6183
6611
5388
6927
5556
6546
6289
5997
6864
4850
6750
5815
6462
6636
5527
6790
5202
6771
6247
6068
6667
5218
6916
5712
6471
6385
5859
6894
5036
6713
5947
6358
6708
5368
6794
5367
6708
6360
5945
6713
5037
6897
5858
6384
6472
5710
6915
5217
6669
6068
6246
6772
5202
6789
5525
6638
6462
5814
6750
4849
6864
5996
6290
6545
5554
6926
5390
6612
6184
6126
6822
5028
6773
5675
6555
6555
5674
6774
5030
6822
6126
6184
6612
5390
6926
5556
6545
6289
5998
6865
4850
6748
5815
6462
6638
5527
6790
5201
6769
6246
6068
6668
5217
6916
5710
6470
6384
5859
6896
5038
6713
5945
6358
6708
5368
6795
5368
6708
6358
5945
6715
5037
6896
5859
6384
6470
5711
6917
5218
6667
6068
6247
6769
5202
6791
5526
6636
6461
5816
6748
4849
6865
5996
6288
6545
5557
6927
5390
6611
6183
6125
6822
5031
6774
5675
6553
6555
5674
6774
5028
6822
6126
6182
6612
5390
6927
5554
6546
6289
5996
6865
4849
6750
5814
6462
6637
5526
6791
5201
6771
6245
6067
6668
5217
6916
5710
6471
6383
5858
6895
5037
6713
5945
6359
6708
5367
6795
5368
6708
6359
5945
6713
5036
6896
5858
6385
6471
5711
6916
5219
6668
6067
6247
6771
5203
6790
5526
6637
6461
5815
6749
4850
6864
5996
6289
6545
5555
6927
5388
6611
6183
6125
6822
5029
6774
5674
6554
6554
5674
6775
5029
6823
6125
6183
6612
5390
6928
5555
6546
6288
5997
6865
4849
6751
5815
6462
6636
5526
6790
5202
6771
6245
6068
6666
5217
6916
5711
6471
6383
5859
6895
5038
6714
5946
6358
6707
5368
6795
5369
6709
6359
5945
6713
5037
6896
5860
6384
6470
5712
6916
5216
6668
6069
6247
6770
5203
6791
5525
6636
6461
5814
6750
4851
6865
5996
6288
6545
5554
6926
5391
6612
6184
6126
6821
5028
6774
5674
6555
6554
5674
6774
5029
6822
6126
6184
6612
5391
6927
5554
6546
6289
5997
6865
4851
6750
5814
6461
6637
5526
6791
5202
6771
6245
6068
6667
5216
6916
5712
6471
6384
5858
6895
5039
6714
5945
6359
6707
5368
6795
5367
6708
6359
5946
6714
5036
6895
5859
6385
6470
5712
6916
5217
6668
6068
6246
6771
5202
6791
5524
6636
6461
5815
6750
4850
6865
5996
6288
6545
5554
6927
5392
6612
6182
6125
6822
5030
6776
5674
6555
6554
5674
6775
5029
6822
6127
6184
6611
5389
6926
5556
6546
6288
5997
6864
4849
6750
5814
6461
6637
5527
6791
5200
6770
6247
6068
6667
