33
42
74
80
52
34
43
77
76
49
35
44
74
79
50
34
48
78
76
46
35
46
77
79
47
34
49
79
73
45
34
48
77
78
43
34
52
80
72
42
33
53
76
78
40
34
55
81
72
41
31
56
78
75
39
35
57
80
71
36
32
60
79
73
36
34
60
81
70
33
33
61
82
70
35
32
62
79
68
30
32
60
83
69
34
32
64
80
67
29
33
63
82
67
34
33
65
83
65
30
31
66
82
66
34
33
66
81
63
32
30
68
82
64
32
33
68
81
60
31
30
68
80
62
33
36
70
81
61
32
31
70
82
60
33
36
73
77
59
33
35
72
82
57
35
40
74
77
57
32
40
72
82
54
34
41
76
76
53
33
41
74
81
51
33
44
78
76
50
35
45
74
80
50
34
47
78
76
47
35
45
76
79
48
36
50
79
75
44
35
48
76
78
43
35
51
80
72
41
33
53
77
77
40
35
54
81
70
40
32
56
78
75
39
35
57
80
71
36
32
59
79
74
36
34
61
80
70
33
33
61
82
70
34
32
62
79
69
29
32
61
82
68
35
31
63
80
67
29
33
63
83
66
34
33
65
81
65
31
31
65
83
65
34
33
68
82
63
32
29
68
81
65
32
33
69
81
61
31
29
69
81
63
33
36
69
80
61
32
31
71
82
61
34
37
73
78
59
32
35
72
82
57
35
40
74
77
56
32
40
72
82
54
34
41
76
76
53
33
41
74
81
52
33
44
77
77
48
34
44
74
80
50
36
48
78
77
46
35
46
77
78
48
36
50
79
73
45
34
48
77
79
43
34
53
80
73
42
33
53
77
77
41
34
54
81
71
41
33
56
77
76
39
35
56
82
72
35
32
59
78
73
36
34
59
80
70
32
33
62
80
70
34
32
62
80
69
29
32
61
83
69
34
31
63
80
67
28
33
64
82
67
34
33
66
81
66
31
31
65
83
66
34
33
66
81
63
32
30
68
81
64
32
33
68
81
61
32
30
69
81
62
33
36
69
80
61
32
31
71
82
59
34
37
73
77
59
32
35
72
82
57
35
40
74
77
56
32
40
72
82
54
34
41
76
77
52
32
41
74
81
52
35
44
78
77
49
35
44
74
79
51
35
47
78
76
45
34
46
77
79
47
35
51
79
74
45
35
49
77
78
44
34
52
80
72
42
32
52
77
78
40
34
54
81
71
41
32
56
77
75
40
35
57
80
71
36
33
59
79
74
36
34
59
81
71
33
33
61
82
69
35
32
62
79
68
30
32
62
82
69
35
31
64
81
68
28
33
63
83
67
33
33
66
81
65
30
31
65
82
66
34
33
67
81
64
32
30
68
82
64
32
34
68
81
61
31
30
69
81
62
33
36
69
80
61
32
31
71
82
60
34
37
73
77
59
32
35
72
82
57
35
40
74
77
56
32
40
72
82
54
34
41
76
76
53
33
41
74
81
52
34
44
77
76
48
34
44
75
80
50
35
46
79
76
47
36
47
76
79
46
35
50
79
73
45
35
50
76
78
43
33
51
81
72
42
33
53
77
78
40
33
53
82
71
41
33
57
78
76
39
35
57
80
71
36
33
60
78
73
36
33
60
80
70
33
33
61
82
69
35
32
61
80
68
30
32
61
83
69
35
31
64
82
68
30
32
63
83
67
34
33
66
82
64
30
30
64
81
66
33
34
67
81
63
32
30
67
81
65
32
35
69
83
61
31
30
69
81
62
33
35
70
81
60
32
33
70
80
60
34
37
73
77
59
31
35
71
81
58
35
