598
454
450
598
448
451
598
450
447
598
450
448
597
449
448
598
449
449
599
446
446
595
448
447
598
451
449
598
449
450
600
448
449
601
452
446
594
449
446
602
451
444
600
450
450
597
447
444
593
447
447
603
454
453
596
446
443
597
455
451
602
448
447
596
448
446
596
448
448
599
449
447
596
448
449
598
449
448
597
449
445
589
438
436
603
465
462
597
450
434
594
459
459
607
457
443
587
452
448
613
461
451
587
443
440
608
457
456
592
442
435
599
464
463
602
453
437
589
459
455
613
463
446
587
449
446
605
456
450
592
445
443
601
455
454
595
446
438
598
461
458
601
453
440
592
456
452
607
459
447
588
447
445
605
455
451
591
442
441
602
459
456
598
451
454
602
452
447
596
451
453
604
451
449
593
447
446
607
453
452
597
442
443
601
456
453
602
449
441
598
454
449
604
450
445
592
450
444
604
454
450
595
447
443
597
456
450
598
452
442
595
452
449
598
450
446
594
452
450
601
454
446
593
447
447
601
453
453
593
446
444
601
454
456
597
447
446
594
451
452
603
451
447
596
454
447
606
459
452
588
444
441
600
456
456
596
448
443
594
457
455
601
455
443
593
450
451
605
457
451
589
445
446
605
454
457
595
446
441
598
456
456
602
451
442
594
453
455
607
453
450
590
448
444
608
454
453
596
440
439
601
458
456
603
449
441
595
457
450
605
454
444
592
451
447
607
454
449
593
447
443
601
457
452
596
446
445
595
453
450
605
453
447
591
451
450
604
453
452
591
445
444
603
450
454
597
445
444
599
452
452
602
448
446
594
451
445
605
450
449
595
449
444
603
453
454
596
449
442
600
451
451
598
451
443
598
450
448
601
450
449
593
451
448
602
452
447
595
447
444
599
454
454
595
453
442
598
448
453
598
451
448
595
448
448
602
451
450
596
445
447
597
451
450
598
446
447
597
452
452
599
452
443
601
447
450
599
451
446
600
451
449
601
450
446
597
449
447
600
453
448
600
447
446
595
453
449
598
452
445
600
447
448
597
453
447
599
448
448
598
450
447
598
449
451
596
452
445
600
449
449
598
450
449
597
449
446
600
448
451
596
448
446
598
448
448
599
449
450
594
451
446
597
451
449
594
450
446
597
448
451
594
450
446
601
452
452
596
448
450
597
450
452
600
449
449
597
446
451
602
447
452
598
446
447
604
448
454
598
449
444
602
449
450
602
449
443
600
451
448
603
452
446
598
448
444
601
455
447
597
448
441
599
453
451
597
452
442
597
451
448
598
451
444
595
450
447
599
453
447
595
446
448
596
456
453
597
454
444
598
450
453
598
451
447
595
447
450
599
450
450
596
445
449
600
454
450
601
446
446
597
454
451
601
450
447
597
452
448
602
451
448
596
448
447
599
452
449
597
447
444
597
455
449
602
448
445
593
455
448
603
452
448
594
450
447
599
451
452
595
449
445
600
451
453
598
447
448
594
452
449
604
450
449
595
449
447
602
449
450
598
448
445
602
452
450
600
448
447
597
453
452
602
450
445
596
449
447
604
451
448
596
450
443
602
452
450
596
449
443
598
454
450
603
450
444
596
453
450
600
454
449
593
447
446
599
452
452
593
447
444
600
451
454
598
450
445
597
451
451
602
451
448
594
447
449
604
451
449
598
445
448
601
453
453
597
450
444
598
450
454
599
448
446
596
449
448
603
450
445
596
449
445
598
453
447
598
446
443
599
454
450
598
451
444
596
451
448
599
453
448
594
446
446
598
450
448
596
446
448
597
