1197
1278
1079
1124
833
1004
1129
1165
1277
1192
1279
1082
1124
836
1004
1119
1166
1278
1190
1277
1086
1122
838
1002
1124
1171
1278
1191
1277
1081
1121
835
998
1122
1171
1280
1196
1279
1076
1122
833
1000
1126
1167
1278
1197
1278
1079
1123
834
1000
1126
1166
1278
1198
1279
1078
1125
833
1001
1128
1168
1280
1194
1280
1080
1125
836
1001
1127
1170
1279
1193
1278
1081
1123
835
1002
1124
1167
1279
1192
1279
1077
1125
833
997
1125
1167
1278
1196
1279
1080
1124
837
1001
1126
1169
1275
1195
1275
1078
1122
832
999
1125
1166
1279
1196
1284
1082
1125
836
1003
1127
1170
1276
1196
1275
1079
1124
832
999
1127
1165
1279
1193
1277
1082
1124
834
1000
1124
1171
1277
1195
1277
1079
1127
836
997
1124
1166
1280
1198
1277
1082
1123
833
1005
1125
1170
1281
1193
1278
1076
1123
835
997
1125
1166
1274
1196
1280
1083
1123
835
998
1129
1164
1282
1194
1280
1084
1121
839
994
1127
1164
1275
1198
1274
1084
1127
838
999
1126
1170
1273
1197
1274
1081
1126
835
1002
1124
1168
1276
1195
1278
1080
1126
831
1004
1124
1172
1278
1194
1282
1077
1125
832
1000
1125
1165
1280
1193
1278
1080
1119
837
1000
1126
1168
1281
1193
1280
1080
1119
839
998
1128
1166
1277
1198
1274
1083
1123
834
998
1128
1170
1278
1198
1279
1081
1125
833
1000
1123
1171
1274
1198
1279
1078
1127
832
998
1123
1168
1278
1194
1281
1080
1125
834
1002
1121
1167
1276
1192
1280
1078
1125
833
1001
1126
1165
1282
1193
1276
1084
1121
835
1002
1127
1164
1278
1193
1279
1082
1122
837
995
1128
1167
1275
1200
1275
1083
1122
836
1000
1125
1169
1275
1194
1279
1078
1123
837
1002
1123
1170
1276
1197
1278
1076
1124
834
1004
1126
1169
1281
1193
1281
1082
1124
833
998
1127
1168
1278
1199
1278
1076
1126
833
999
1127
1173
1279
1196
1278
1080
1123
835
1000
1124
1170
1278
1196
1283
1080
1125
833
1001
1121
1168
1281
1195
1278
1083
1122
835
1000
1124
1165
1279
1194
1282
1081
1124
838
999
1125
1166
1279
1198
1275
1083
1122
832
1000
1126
1170
1276
1197
1280
1081
1125
836
997
1123
1170
1278
1196
1279
1082
1126
831
1001
1120
1169
1276
1196
1279
1080
1125
835
996
1128
1167
1279
1191
1279
1078
1126
831
1002
1124
1169
1277
1194
1275
1084
1123
834
996
1129
1166
1281
1194
1279
1078
1124
832
999
1124
1171
1276
1197
1274
1086
1121
837
999
1125
1167
1279
1194
1279
1077
1127
832
1002
1124
1168
1276
1199
1277
1080
1121
835
1000
1125
1170
1279
1194
1282
1078
1124
834
1000
1125
1166
1279
1195
1279
1081
1121
836
997
1124
1169
1280
1195
1280
1081
1123
837
997
1126
1164
1278
1196
1277
1081
1126
831
1004
1123
1169
1274
1198
1277
1081
1123
835
996
1127
1167
1277
1194
1279
1078
1126
831
1004
1121
1171
1276
1196
1277
1082
1124
835
998
1127
1165
1278
1191
1280
1078
1124
833
1002
1123
1169
1279
1194
1274
1084
1121
836
1000
1129
1168
1281
1193
1279
1078
1127
834
999
1125
1168
1280
1199
1276
1081
1120
837
998
1124
1170
1278
1195
1279
1077
1127
833
1000
1125
1169
1278
1197
1279
1081
1123
834
1000
1122
1171
1279
1194
1279
1080
1123
834
999
1125
1166
1282
1196
1277
1081
1124
833
1001
1125
1168
1277
1197
1279
1083
1122
837
995
1127
1164
1279
1194
1280
1081
1125
833
1002
1124
1170
1274
1195
1275
1082
1121
836
999
1127
1167
1277
1191
1281
1079
1126
834
1003
1123
1171
1277
1196
1276
1082
1122
834
1000
1127
1168
1278
1192
1281
1077
1124
836
997
1124
1167
1275
1195
1280
1082
1124
834
999
1127
1169
1278
1198
1277
1081
1124
835
997
1126
1167
1275
1196
1277
1083
1125
832
1000
1126
1172
1277
1199
1279
1081
1125
833
997
1124
1166
1276
1194
1277
1081
1126
833
1002
1125
1170
1279
1197
1276
1084
1122
833
1000
1126
1166
1279
1191
1276
1079
1125
834
1001
1124
1170
1280
1197
1277
1084
1124
834
1000
1125
1169
1278
1193
1278
1079
1125
833
996
1125
1166
1279
1198
1278
1079
1125
835
1002
1125
1168
1281
1194
1279
1080
1121
836
1000
1124
1169
1276
1195
1281
1080
1127
833
1001
1127
1166
1282
1192
1276
1081
1121
833
997
1122
1169
1276
1193
1280
1081
1127
836
996
1126
