162
71
120
140
94
167
57
129
135
104
163
55
135
126
103
167
61
144
118
111
162
68
147
110
110
157
77
155
98
115
155
83
156
89
115
149
91
162
76
116
145
96
165
64
124
138
97
165
50
133
129
104
166
56
138
124
105
163
67
148
112
112
159
75
149
106
112
158
78
158
93
115
152
89
157
82
116
148
91
162
71
120
140
94
167
57
129
135
104
163
55
135
126
103
167
61
144
118
111
162
68
147
110
110
157
77
155
98
115
155
83
156
89
115
149
91
162
76
116
145
96
165
64
124
138
97
165
50
133
129
104
166
56
138
124
105
163
67
148
112
112
159
75
149
106
112
158
78
158
93
115
152
89
157
82
116
148
91
162
71
120
140
94
167
57
129
135
104
163
55
135
126
103
167
61
144
118
111
162
68
147
110
110
157
77
155
98
115
155
83
156
89
115
149
91
162
76
116
145
96
165
64
124
138
97
165
50
133
129
104
166
56
138
124
105
163
67
148
112
112
159
75
149
106
112
158
78
158
93
115
152
89
157
82
116
148
91
162
71
120
140
94
167
57
129
135
104
163
55
135
126
103
167
61
144
118
111
162
68
147
110
110
157
77
155
98
115
155
83
156
89
115
149
91
162
76
116
145
96
165
64
124
138
97
165
50
133
129
104
166
56
138
124
105
163
67
148
112
112
159
75
149
106
112
158
78
158
93
115
152
89
157
82
116
148
91
162
71
120
140
94
167
57
129
135
104
163
55
135
126
103
167
61
144
118
111
162
68
147
110
110
157
77
155
98
115
155
83
156
89
115
149
91
162
76
116
145
96
165
64
124
138
97
165
50
133
129
104
166
56
138
124
105
163
67
148
112
112
159
75
149
106
112
158
78
158
93
115
152
89
157
82
116
148
91
162
71
120
140
94
167
57
129
135
104
163
55
135
126
103
167
61
144
118
111
162
68
147
110
110
157
77
155
98
115
155
83
156
89
115
149
91
162
76
116
145
96
165
64
124
138
97
165
50
133
129
104
166
56
138
124
105
163
67
148
112
112
159
75
149
106
112
158
78
158
93
115
152
89
157
82
116
148
91
162
71
120
140
94
167
57
129
135
104
163
55
135
126
103
167
61
144
118
111
162
68
147
110
110
157
77
155
98
115
155
83
156
89
115
149
91
162
76
116
145
96
165
64
124
138
97
165
50
133
129
104
166
56
138
124
105
163
67
148
112
112
159
75
149
106
112
158
78
158
93
115
152
89
157
82
116
148
91
162
71
120
140
94
167
57
129
135
104
163
55
135
126
103
167
61
144
118
111
162
68
147
110
110
157
77
155
98
115
155
83
156
89
115
149
91
162
76
116
145
96
165
64
124
138
97
165
50
133
129
104
166
56
138
124
105
163
67
148
112
112
159
75
149
106
112
158
78
158
93
115
152
89
157
82
116
148
91
162
71
120
140
94
167
57
129
135
104
163
55
135
126
103
167
61
144
118
111
162
68
147
110
110
157
77
155
98
115
155
83
156
89
115
149
91
162
76
116
145
96
165
64
124
138
97
165
50
133
129
104
166
56
138
124
105
163
67
148
112
112
159
75
149
106
112
158
78
158
93
115
152
89
157
82
116
148
91
162
71
120
140
94
167
57
129
135
104
163
55
135
126
103
167
61
144
118
111
162
68
147
110
110
157
77
155
98
115
155
83
156
89
115
149
91
162
76
116
145
96
165
64
124
138
97
165
50
133
129
104
166
56
138
124
105
163
67
148
112
112
159
75
149
106
112
158
78
158
93
115
152
89
157
82
116
148
91
162
71
120
140
94
167
57
129
135
104
163
55
135
126
103
167
61
144
118
111
162
68
147
110
110
157
77
155
98
115
155
83
156
89
115
149
91
162
76
116
145
96
165
64
124
138
97
165
50
133
129
104
166
56
138
124
105
163
67
148
112
112
159
75
149
106
112
158
78
158
93
115
152
89
157
82
116
148
91
162
71
120
140
94
167
57
129
135
104
163
55
135
126
103
167
61
144
118
111
162
68
147
110
110
157
77
155
98
115
155
83
156
89
115
149
91
162
76
116
145
96
165
64
124
138
97
165
50
133
129
104
166
56
138
124
105
163
67
148
112
112
159
75
149
106
112
158
78
158
93
115
152
89
157
82
116
148
91
162
71
120
140
94
167
57
129
135
104
163
55
135
126
103
167
61
144
118
111
162
68
147
110
110
157
77
155
98
115
155
83
156
89
115
149
91
162
76
116
145
96
165
64
124
138
97
165
50
133
129
104
166
56
138
124
105
163
67
148
112
112
159
75
149
106
112
158
78
158
93
115
152
89
157
82
116
148
91
162
71
120
140
94
167
57
129
135
104
163
55
135
126
103
167
61
144
118
111
162
68
147
110
110
157
77
155
98
115
155
83
156
89
115
149
91
162
76
116
145
96
165
64
124
138
97
165
50
133
129
104
166
56
138
124
105
163
67
148
112
112
159
75
149
106
112
158
78
158
93
115
152
89
157
82
116
148
91
162
71
120
140
94
167
57
129
135
104
163
55
135
126
103
167
61
144
118
111
162
68
147
110
110
157
77
155
98
115
155
83
156
89
115
149
91
162
76
116
145
96
165
64
124
138
97
165
50
133
129
104
166
56
138
124
105
163
67
148
112
112
159
75
149
106
112
158
78
158
93
115
152
89
157
82
116
148
91
162
71
120
140
94
167
57
129
135
104
163
55
135
126
103
167
61
144
118
111
162
68
147
110
110
157
77
155
98
115
155
83
156
89
115
149
91
162
76
116
145
96
165
64
124
138
97
165
50
133
129
104
166
56
138
124
105
163
67
148
112
112
159
75
149
106
112
158
78
158
93
115
152
89
157
82
116
148
91
162
71
120
140
94
167
57
129
135
104
163
55
135
126
103
167
61
144
118
111
162
68
147
110
110
157
77
155
98
115
155
83
156
89
115
149
91
162
76
116
145
96
165
64
124
138
97
165
50
133
129
104
166
56
138
124
105
163
67
148
112
112
159
75
149
106
112
158
78
158
93
115
152
89
157
82
116
148
91
162
71
120
140
94
167
57
129
135
104
163
55
135
126
103
167
61
144
118
111
162
68
147
110
110
157
77
155
98
115
155
83
156
89
115
149
91
162
76
116
145
96
165
64
124
138
97
165
50
133
129
104
166
56
138
124
105
163
67
148
112
112
159
75
149
106
112
158
78
158
93
115
152
89
157
82
116
148
91
162
71
120
140
94
167
57
129
135
104
163
55
135
126
103
167
61
144
118
111
162
68
147
110
110
157
77
155
98
115
155
83
156
89
115
149
91
162
76
116
145
96
165
64
124
138
97
165
50
133
129
104
166
56
138
124
105
163
67
148
112
112
159
75
149
106
112
158
78
158
93
115
152
89
157
82
116
148
91
162
71
120
140
94
167
57
129
135
104
163
55
135
126
103
167
61
144
118
111
162
68
147
110
110
157
77
155
98
115
155
83
156
89
115
149
91
162
76
116
145
96
165
64
124
138
97
165
50
133
129
104
166
56
138
124
105
163
67
148
112
